0.01000,1.9999999712083651459693101060111075639725
0.04842,1.9999841071952675353173844996490515768528
0.08684,1.9998343101314426384362832322949543595314
0.12526,1.9992752921527208176399881267570890486240
0.16368,1.9978598361697654794966183544602245092392
0.20211,1.9949498971226986565596916989306919276714
0.24053,1.9896904480185986230367234384175390005112
0.27895,1.9809748189308902244221144428593106567860
0.31737,1.9674019231404209495650547978584654629230
0.35579,1.9472299398521384361515629279892891645432
0.39421,1.9183390176119319292524778575170785188675
0.43263,1.8782287172090335047869302798062562942505
0.47105,1.8240943431510281413920893101021647453308
0.50947,1.7530457943197319536920986138284206390381
0.54789,1.6625391656532810813473588495980948209763
0.58632,1.5510568924417744707255906178033910691738
0.62474,1.4189622888909980691352075155009515583515
0.66316,1.2692669313485833715304806901258416473866
0.70158,1.1078796321626609433508292568149045109749
0.74000,0.9429534250007581830388403432152699679136
0.75000,0.9005538631729177456719526162487454712391
0.75505,0.8793273330466955250983573932899162173271
0.76010,0.8582514983812867814805258603882975876331
0.76515,0.8373444467303080562814443510433193296194
0.77020,0.8166236270135337482756199278810527175665
0.77525,0.7961057941534340764988542105129454284906
0.78030,0.7758069590086590361366347678995225578547
0.78535,0.7557423438793559045123515716113615781069
0.79040,0.7359263437888104997242066929175052791834
0.79545,0.7163724936751223459907578217098489403725
0.80051,0.6970934415567909825384163013950455933809
0.80556,0.6781009276683614972469626991369295865297
0.81061,0.6594057694977416561599170563567895442247
0.81566,0.6410178525964500551026503671891987323761
0.82071,0.6229461269786683574878338731650728732347
0.82576,0.6051986088752020487291360950621310621500
0.83081,0.5877823875648349183364871350931935012341
0.83586,0.5707036369683706755751018135924823582172
0.84091,0.5539676316601175320997185735905077308416
0.84596,0.5375787669276546054675236518960446119308
0.85101,0.5215405824933720957403693319065496325493
0.85606,0.5058557895002103732551290704577695578337
0.86111,0.4905263003589377945878879927477100864053
0.86616,0.4755532610547466010331163488444872200489
0.87121,0.4609370855164472979836887134297285228968
0.87626,0.4466774916615429691368888143188087269664
0.88131,0.4327735387443857884015585568704409524798
0.88636,0.4192236656518995019382600730750709772110
0.89141,0.4060257298113753576807027911854675039649
0.89646,0.3931770463970434836831202574103372171521
0.90152,0.3806744275459563175978416893485700711608
0.90657,0.3685142213186516357836808310821652412415
0.91162,0.3566923501656147355021175826550461351871
0.91667,0.3452043486863188848090544524893630295992
0.92172,0.3340454004931786569088103533431421965361
0.92677,0.3232103740177802997379785665543749928474
0.93182,0.3126938571209783579440966150286840274930
0.93687,0.3024901903916093481861082636896753683686
0.94192,0.2925934990405115176947958843811647966504
0.94697,0.2829977233170934414197006390168098732829
0.95202,0.2736966473947518574405535218829754740000
0.95707,0.2646839266889628450307725415768800303340
0.96212,0.2559531135877988750060296752053545787930
0.96717,0.2474976815889623205091396584975882433355
0.97222,0.2393110478502038229731141427691909484565
0.97727,0.2313865941712399676433165041089523583651
0.98232,0.2237176864350558791461054397586849518120
0.98737,0.2162976925448621134950855093848076649010
0.99242,0.2091199989000335768274396741617238149047
0.99747,0.2021780254601906468003846839565085247159
1.00253,0.1954652394512838564644141570170177146792
1.00758,0.1889751677711974109374892805135459639132
1.01263,0.1827014081551052437912829873312148265541
1.01768,0.1766376391626797159872808151703793555498
1.02273,0.1707776290503620064686884916227427311242
1.02778,0.1651152435923429750985746977676171809435
1.03283,0.1596444529137704126942054472237941808999
1.03788,0.1543593373990462258582567756093339994550
1.04293,0.1492540927370041847765946840809192508459
1.04798,0.1443230341633291724523502352894865907729
1.05303,0.1395605999588382939435859952936880290508
1.05808,0.1349613542602696725225541740655899047852
1.06313,0.1305199892380666248925535910530015826225
1.06818,0.1262313266933244859657747838355135172606
1.07323,0.1220903191236679674602783052250742912292
1.07828,0.1180920503053367598411682592995930463076
1.08333,0.1142317354362528125655273925076471641660
1.08838,0.1105047208823143611855499557350412942469
1.09343,0.1069064835666542756520414059195900335908
1.09848,0.1034326300391326114436196803580969572067
1.10354,0.1000788952609057286258220642594096716493
1.10859,0.0968411411365578261856157382680976297706
1.11364,0.0937153548240014094838912228624394629151
1.11869,0.0906976468501506927211153197276871651411
1.12374,0.0877842490582623341532908511908317450434
1.12879,0.0849715124108274683090158418963255826384
1.13384,0.0822559046699773144251111034463974647224
1.13889,0.0796340079755471358380347624006390105933
1.14394,0.0771025163392276280394099785553407855332
1.14899,0.0746582330716098196976560075199813582003
1.15404,0.0722980681574076355921931735792895779014
1.15909,0.0700190355927191171447887541035015601665
1.16414,0.0678182506968508513889304367694421671331
1.16919,0.0656929274099872922976217637369700241834
1.17424,0.0636403755868333309564377486822195351124
1.17929,0.0616579982952824776076816704062366625294
1.18434,0.0597432891281697506236092465314868604764
1.18939,0.0578938295352533632831537602214666549116
1.19444,0.0561072861817203671908060869100154377520
1.19949,0.0543814083387334917807365286535059567541
1.20455,0.0527140253108250786406863142019574297592
1.20960,0.0511030439042854528475245956542494241148
1.21465,0.0495464459400996523608107224845298333094
1.21970,0.0480422858144388537082747347994882147759
1.22475,0.0465886881092171453722095009197801118717
1.22980,0.0451838452547769636735708331798377912492
1.23485,0.0438260152463553903645632203733839560300
1.23990,0.0425135194156195869719105928652425063774
1.24495,0.0412447402582263103476556409532349789515
1.25000,0.0400181193180631222805487823279690928757
1.26000,0.0377079611272862630366731195863394532353
1.27263,0.0350007013486347828834510664819390513003
1.28526,0.0325098557970972534825193633878370746970
1.29789,0.0302168028124547745350003680187001009472
1.31053,0.0281045887462612262175376542927551781759
1.32316,0.0261577790188630213141784963681857334450
1.33579,0.0243623214073198403328834871217623003758
1.34842,0.0227054208558470256573702528157809865661
1.36105,0.0211754250670603862138907658163589076139
1.37368,0.0197617201227943684038734772911993786693
1.38632,0.0184546353913730594442643706543094594963
1.39895,0.0172453569990193289473978666137554682791
1.41158,0.0161258491727170362450838325685253948905
1.42421,0.0150887827972792324532358421151911898050
1.43684,0.0141274705683075013640248585033987183124
1.44947,0.0132358081633898380657932136728049954399
1.46211,0.0124082208949670997483183398912842676509
1.47474,0.0116396153488357214506043746382601966616
1.48737,0.0109253355515643649220614008754637325183
1.50000,0.0102611232477147762409686038154177367687
