0.01000,2.0000000000000000000000000000000000000000
0.04293,2.0000000000000000000000000000000000000000
0.07586,2.0000000000000000000000000000000000000000
0.10879,2.0000000000000000000000000000000000000000
0.14172,2.0000000000000000000000000000000000000000
0.17466,2.0000000000000000000000000000000000000000
0.20759,2.0000000000000000000000000000000000000000
0.24052,2.0000000000000000000000000000000000000000
0.27345,2.0000000000000000000000000000000000000000
0.30638,1.9999999999999997779553950749686919152737
0.33931,1.9999999999999968913755310495616868138313
0.37224,1.9999999999999396038674603914842009544373
0.40517,1.9999999999990736299082527693826705217361
0.43810,1.9999999999885194057469561812467873096466
0.47103,1.9999999998812771906386842601932585239410
0.50397,1.9999999989502357244930408342042937874794
0.53690,1.9999999919045228224945276451762765645981
0.56983,1.9999999446582905626712545199552550911903
0.60276,1.9999996600652629741290411402587778866291
0.63569,1.9999981023981050487492439060588367283344
0.66862,1.9999902800723499129986748812370933592319
0.70155,1.9999539385826738957518955430714413523674
0.73448,1.9997966342956896568239244516007602214813
0.76741,1.9991584718721329139157205645460635423660
0.80034,1.9967202485302453229820685010054148733616
0.83328,1.9879133627454024235703400336205959320068
0.86621,1.9577206395221631307634879703982733190060
0.89914,1.8586664299295458935290525914751924574375
0.93207,1.5470258934452152388416834583040326833725
0.96500,0.7768127837018160564142021939915139228106
0.97500,0.5061772256828942495587853045435622334480
0.97550,0.4937856220889799141460230202937964349985
0.97600,0.4815432234352148288536454856512136757374
0.97650,0.4694545565696879307893141231033951044083
0.97700,0.4575239248654913160052615239692386239767
0.97750,0.4457554011390775783318929370580008253455
0.97800,0.4341528213795496915494709355698432773352
0.97850,0.4227197793093434574629441158322151750326
0.97900,0.4114596217912280251560730448545655235648
0.97950,0.4003754450913044049542577340616844594479
0.98000,0.3894700920021162415807225443131756037474
0.98050,0.3787461498248086422258040784072363749146
0.98100,0.3682059492038877723807388520071981474757
0.98150,0.3578515638032285228753437422710703685880
0.98200,0.3476848108069723886082158514909679070115
0.98250,0.3377072522245102570437325084640178829432
0.98300,0.3279201969742843170152468701417092233896
0.98350,0.3183247037173024818201838570530526340008
0.98400,0.3089215844074768568816580227576196193695
0.98450,0.2997114085227758906171402486506849527359
0.98500,0.2906945079381672014662285619124304503202
0.98550,0.2818709823989931639864892076730029657483
0.98600,0.2732407055512294791199678911652881652117
0.98650,0.2648033314835574469903178851382108405232
0.98700,0.2565583017348127548018510424299165606499
0.98750,0.2485048527196613565859451000505941919982
0.98800,0.2406420235247798966593535396896186284721
0.98850,0.2329686640278626763578273539678775705397
0.98900,0.2254834432919396725036875750447507016361
0.98950,0.2181848581882154525235506525859818793833
0.99000,0.2110712422014499323186242918382049538195
0.99050,0.2041407743732125135149857442229404114187
0.99100,0.1973914883396951092109361525217536836863
0.99150,0.1908212814225565268078099734339048154652
0.99200,0.1844279237330538057104689642073935829103
0.99250,0.1782090672518630569687303477621753700078
0.99300,0.1721622548490873427784464411161025054753
0.99350,0.1662849292113418309124739380422397516668
0.99400,0.1605744416450999301204660696384962648153
0.99450,0.1550280607280126177194290448824176564813
0.99500,0.1496429807823008162337430348998168483377
0.99550,0.1444163301468861237975005451517063193023
0.99600,0.1393451792273152078927012098574778065085
0.99650,0.1344265483050487153260377226615673862398
0.99700,0.1296574150900002553310486064219730906188
0.99750,0.1250347220026078454147011598251992836595
0.99800,0.1205553831738949421836792907924973405898
0.99850,0.1162162911542029136713338743902568239719
0.99900,0.1120143233232649138120251564032514579594
0.99950,0.1079463479963040234421711716095160227269
1.00000,0.1040092302226084258753857625379168894142
1.00050,0.1001998372748124643827338786650216206908
1.00100,0.0965150438286467848847394179756520316005
1.00150,0.0929517368344420225056978779321070760489
1.00200,0.0895068200829773619187079702896880917251
1.00250,0.0861772184695186599379113090435566846281
1.00300,0.0829598819609546206388372979745327029377
1.00350,0.0798517892719781269272871782050060573965
1.00400,0.0768499512570738479988463609515747521073
1.00450,0.0739514140258736990540811007122101727873
1.00500,0.0711532617900563074675446273431589361280
1.00550,0.0684526194505670065870717166944814380258
1.00600,0.0658466549343445783915029778654570691288
1.00650,0.0633325812901449070047021905338624492288
1.00700,0.0609076585533029346564148909237701445818
1.00750,0.0585691953895230155158202478560269810259
1.00800,0.0563145505278815280969517687026382191107
1.00850,0.0541411339933272200974911925186461303383
1.00900,0.0520464081489456151241590475819975836203
1.00950,0.0500278885582462265468883799712784821168
1.01000,0.0480831446776027529588226627765834564343
1.01050,0.0462098003888681205242328076110425172374
1.01100,0.0444055343819871259358755821722297696397
1.01150,0.0426680803972536090706846323428180767223
1.01200,0.0409952273365918051784007047899649478495
1.01250,0.0393848192530048338277914865557249868289
1.01300,0.0378347552270301770716010025807918282226
1.01350,0.0363429891387712852846014754959469428286
1.01400,0.0349075293437363376458648644984350539744
1.01450,0.0335264382604136754184587232430203584954
1.01500,0.0321978318771661345398804598971764789894
1.01550,0.0309198791857156311813081828177018905990
1.01600,0.0296908015481304153604380502429194166325
1.01650,0.0285088720039082185730983098892465932295
1.01700,0.0273724145233977533830938000392052344978
1.01750,0.0262798032134891786093522370038044755347
1.01800,0.0252294614811575737545190634136815788224
1.01850,0.0242198611601374506896444671610879595391
1.01900,0.0232495216056787211422740568877998157404
1.01950,0.0223170087620457591182088208370259962976
1.02000,0.0214209342071071499880030586382417823188
1.02050,0.0205599541780888545039474024633818771690
1.02100,0.0197327685822739733179087551206976058893
1.02150,0.0189381199961793471320259385493045556359
1.02200,0.0181747926564679029848292657334241084754
1.02250,0.0174416114456203349969420912657369626686
1.02300,0.0167374408751445775955790651323695783503
1.02350,0.0160611840688892996975578597584899398498
1.02400,0.0154117817488020562161077364748962281737
1.02450,0.0147882112252790531153889830306980002206
1.02500,0.0141894853940529794278369024596031522378
1.03500,0.0061867693300187527258304776012209913461
1.05103,0.0016376283118463531244396458319556586503
1.06707,0.0004428627019203922282435115231891131771
1.08310,0.0001236355503113931934410646418243118205
1.09914,0.0000357539633364499932332430942594214685
1.11517,0.0000107090015845815314315340321948966107
1.13121,0.0000033160214559092488943248602795144109
1.14724,0.0000010588607041550734216524883718468786
1.16328,0.0000003477548352416546780818977415566939
1.17931,0.0000001171788368572099097582623760012421
1.19534,0.0000000404216645524076656980586724765558
1.21138,0.0000000142477177549349510541289881050686
1.22741,0.0000000051232017646943081190928828271437
1.24345,0.0000000018767554681982963219813391990290
1.25948,0.0000000006995803344677046444860849831932
1.27552,0.0000000002650922933661954013634709422789
1.29155,0.0000000001020259555265084278972894603118
1.30759,0.0000000000398519940187081540802016281385
1.32362,0.0000000000157879395349966198770083670809
1.33966,0.0000000000063398438732156918406644874652
1.35569,0.0000000000025791533684354897117184830983
1.37172,0.0000000000010624558442728754078962508610
1.38776,0.0000000000004429837569733071386336432821
1.40379,0.0000000000001868666113948737555298210275
1.41983,0.0000000000000797223195829009150594537822
1.43586,0.0000000000000343859818597659417668158132
1.45190,0.0000000000000149897825135537622972496344
1.46793,0.0000000000000066022138554125519155088570
1.48397,0.0000000000000029372432490548383215516817
1.50000,0.0000000000000013195592054925142955724379
