0.00000,2.0000179259115222762943631096277385950089,4.0000537777345668288830893288832157850266,2.0000358518230441084995163691928610205650,2.0000358518230441084995163691928610205650,2.0000000000000000000000000000000000000000
0.10000,2.0000060213424659671943572902819141745567,4.0000180640273974574938620207831263542175,2.0000120426849314902995047305012121796608,2.0000120426849314902995047305012121796608,2.0000000000000000000000000000000000000000
0.20000,2.0002536860342559066339163109660148620605,4.0007610581027668317233292327728122472763,2.0005073720685113691786227718694135546684,2.0005073720685113691786227718694135546684,2.0000000000000000000000000000000000000000
0.30000,2.0023968344936342589335254160687327384949,4.0071905034809036649789959483314305543900,2.0047936689872689619562606822000816464424,2.0047936689872689619562606822000816464424,2.0000000000000000000000000000000000000000
0.40000,2.0104878178644791653084666904760524630547,4.0314634535934370518361902213655412197113,2.0209756357289578865277235308894887566566,2.0209756357289578865277235308894887566566,2.0000000000000000000000000000000000000000
0.50000,2.0307933437092904327414544241037219762802,4.0923800311278712982243632723111659288406,2.0615866874185808654829088482074439525604,2.0615866874185808654829088482074439525604,2.0000000000000000000000000000000000000000
0.60000,2.0701555600886427654927501862403005361557,4.2104666802659291846566702588461339473724,2.1403111201772859750747102225432172417641,2.1403111201772859750747102225432172417641,2.0000000000000000000000000000000000000000
0.70000,2.1337755178490520613365788449300453066826,4.4013265535471566280989463848527520895004,2.2675510356981045667623675399227067828178,2.2675510356981045667623675399227067828178,2.0000000000000000000000000000000000000000
0.80000,2.2234761945411367634051202912814915180206,4.6704285836234094020369411737192422151566,2.4469523890822730827210307325003668665886,2.4469523890822730827210307325003668665886,2.0000000000000000000000000000000000000000
0.90000,2.3370925218503613152165598876308649778366,5.0112775655510848338280993630178272724152,2.6741850437007230745223296253243461251259,2.6741850437007230745223296253243461251259,2.0000000000000000000000000000000000000000
1.00000,2.4690295886102737732414880156284198164940,5.4070887658308208756352541968226432800293,2.9380591772205475464829760312568396329880,2.9380591772205475464829760312568396329880,2.0000000000000000000000000000000000000000
1.10000,2.6116017347008231297422753414139151573181,5.8348052041024693892268260242417454719543,3.2232034694016467035737605328904464840889,3.2232034694016467035737605328904464840889,2.0000000000000000000000000000000000000000
1.20000,2.7566341281598818468978606688324362039566,6.2699023844796455406935820064973086118698,3.5132682563197636937957213376648724079132,3.5132682563197636937957213376648724079132,2.0000000000000000000000000000000000000000
1.30000,2.8968968340394973814966306235874071717262,6.6906905021184925885791017208248376846313,3.7937936680789952070824710972374305129051,3.7937936680789952070824710972374305129051,2.0000000000000000000000000000000000000000
1.40000,3.0271178279866108873363828024594113230705,7.0813534839598331060983582574408501386642,4.0542356559732217746727656049188226461411,4.0542356559732217746727656049188226461411,2.0000000000000000000000000000000000000000
1.50000,3.1444881229300167824192158150253817439079,7.4334643687900507913468572951387614011765,4.2889762458600335648384316300507634878159,4.2889762458600335648384316300507634878159,2.0000000000000000000000000000000000000000
1.60000,3.2486848249803079724529197847004979848862,7.7460544749409239173587593541014939546585,4.4973696499606159449058395694009959697723,4.4973696499606159449058395694009959697723,2.0000000000000000000000000000000000000000
1.70000,3.3414953725601610479145620047347620129585,8.0244861176804835878328958642669022083282,4.6829907451203220958291240094695240259171,4.6829907451203220958291240094695240259171,2.0000000000000000000000000000000000000000
1.80000,3.4261519120406118688038077380042523145676,8.2784557361218364945898429141379892826080,4.8523038240812237376076154760085046291351,4.8523038240812237376076154760085046291351,2.0000000000000000000000000000000000000000
1.90000,3.5065041918106572005342513875802978873253,8.5195125754319711575135443126782774925232,5.0130083836213144010685027751605957746506,5.0130083836213144010685027751605957746506,2.0000000000000000000000000000000000000000
2.00000,3.5861801091972407284913515468360856175423,8.7585403275917226295632644905708730220795,5.1723602183944814569827030936721712350845,5.1723602183944814569827030936721712350845,2.0000000000000000000000000000000000000000
2.10000,3.6678906114123406290161710785469040274620,9.0036718342370214429593033855780959129333,5.3357812228246812580323421570938080549240,5.3357812228246812580323421570938080549240,2.0000000000000000000000000000000000000000
2.20000,3.7530093153985726317500848381314426660538,9.2590279461957187834286742145195603370667,5.5060186307971452635001696762628853321075,5.5060186307971452635001696762628853321075,2.0000000000000000000000000000000000000000
2.30000,3.8414921087859235093731058441335335373878,9.5244763263577691958516879822127521038055,5.6829842175718470187462116882670670747757,5.6829842175718470187462116882670670747757,2.0000000000000000000000000000000000000000
2.40000,3.9321170148175985659122488868888467550278,9.7963510444527965859151663607917726039886,5.8642340296351971318244977737776935100555,5.8642340296351971318244977737776935100555,2.0000000000000000000000000000000000000000
2.50000,4.0229504727879694669923082983586937189102,10.0688514183639092891553445952013134956360,6.0459009455759398221630362968426197767258,6.0459009455759398221630362968426197767258,2.0000000000000000000000000000000000000000
2.60000,4.1119064283529676018247300817165523767471,10.3357192850589019172957705450244247913361,6.2238128567059343154710404633078724145889,6.2238128567059343154710404633078724145889,2.0000000000000000000000000000000000000000
2.70000,4.1972649032909323807416512863710522651672,10.5917947098727989185817932593636214733124,6.3945298065818656496617222728673368692398,6.3945298065818656496617222728673368692398,2.0000000000000000000000000000000000000000
2.80000,4.2780471266753874459709550137631595134735,10.8341413800261623379128650412894785404205,6.5560942533507748919419100275263190269470,6.5560942533507748919419100275263190269470,2.0000000000000000000000000000000000000000
2.90000,4.3541890265239153734455612720921635627747,11.0625670795717461203366838162764906883240,6.7083780530478307468911225441843271255493,6.7083780530478307468911225441843271255493,2.0000000000000000000000000000000000000000
3.00000,4.4265009953091105643352420884184539318085,11.2795029859273334693625656655058264732361,6.8530019906182220168489038769621402025223,6.8530019906182220168489038769621402025223,2.0000000000000000000000000000000000000000
3.10000,4.4964426825748509131130958849098533391953,11.4893280477245536275177073548547923564911,6.9928853651497027144046114699449390172958,6.9928853651497027144046114699449390172958,2.0000000000000000000000000000000000000000
3.20000,4.5657743778417891888921076315455138683319,11.6973231335253693430331622948870062828064,7.1315487556835792659626349632162600755692,7.1315487556835792659626349632162600755692,2.0000000000000000000000000000000000000000
3.30000,4.6361682264281540710726403631269931793213,11.9085046792844622132179210893809795379639,7.2723364528563081421452807262539863586426,7.2723364528563081421452807262539863586426,2.0000000000000000000000000000000000000000
3.40000,4.7088680711295713976483057194855064153671,12.1266042133887150811233368585817515850067,7.4177361422591427952966114389710128307343,7.4177361422591427952966114389710128307343,2.0000000000000000000000000000000000000000
3.50000,4.7844721767593929584450052061583846807480,12.3534165302781779871565959183499217033386,7.5689443535187859168900104123167693614960,7.5689443535187859168900104123167693614960,2.0000000000000000000000000000000000000000
3.60000,4.8628801737653528647342682234011590480804,12.5886405212960585942028046702034771442413,7.7257603475307048412901167466770857572556,7.7257603475307048412901167466770857572556,2.0000000000000000000000000000000000000000
3.70000,4.9434031930369970453398309473413974046707,12.8302095791109920241979125421494245529175,7.8868063860739940906796618946827948093414,7.8868063860739940906796618946827948093414,2.0000000000000000000000000000000000000000
3.80000,5.0249971481898603187232765776570886373520,13.0749914445695818443482494330964982509613,8.0499942963797206374465531553141772747040,8.0499942963797206374465531553141772747040,2.0000000000000000000000000000000000000000
3.90000,5.1065542229261025042319488420616835355759,13.3196626687783084008742662263102829456329,8.2131084458522050084638976841233670711517,8.2131084458522050084638976841233670711517,2.0000000000000000000000000000000000000000
4.00000,5.1871814095347064110796964087057858705521,13.5615442286041201214175089262425899505615,8.3743628190694128221593928174115717411041,8.3743628190694128221593928174115717411041,2.0000000000000000000000000000000000000000
4.10000,5.2664055231202615559027435665484517812729,13.7992165693607837795298109995201230049133,8.5328110462405231118054871330969035625458,8.5328110462405231118054871330969035625458,2.0000000000000000000000000000000000000000
4.20000,5.3442658668851947822986403480172157287598,14.0327976006555843468959210440516471862793,8.6885317337703895645972806960344314575195,8.6885317337703895645972806960344314575195,2.0000000000000000000000000000000000000000
4.30000,5.4212825268420665736357477726414799690247,14.2638475805261979445504039176739752292633,8.8425650536841313709146561450324952602386,8.8425650536841313709146561450324952602386,2.0000000000000000000000000000000000000000
4.40000,5.4983151357443178497419467021245509386063,14.4949454072329508846905810059979557991028,8.9966302714886339231270540039986371994019,8.9966302714886339231270540039986371994019,2.0000000000000000000000000000000000000000
4.50000,5.5763497393461021189864368352573364973068,14.7290492180383001397103726048953831195831,9.1526994786922006852591948700137436389923,9.1526994786922006852591948700137436389923,2.0000000000000000000000000000000000000000
4.60000,5.6562660757734279926012277428526431322098,14.9687982273202599969863513251766562461853,9.3125321515468453270614190842024981975555,9.3125321515468453270614190842024981975555,2.0000000000000000000000000000000000000000
4.70000,5.7386404877347079178662170306779444217682,15.2159214632040367121135204797610640525818,9.4772809754693714268114490550942718982697,9.4772809754693714268114490550942718982697,2.0000000000000000000000000000000000000000
4.80000,5.8236292831526661473162675974890589714050,15.4708878494577035667134623508900403976440,9.6472585663051848570148649741895496845245,9.6472585663051848570148649741895496845245,2.0000000000000000000000000000000000000000
4.90000,5.9109559079639941714390261040534824132919,15.7328677238910064062338278745301067829132,9.8219118159274998447472171392291784286499,9.8219118159274998447472171392291784286499,2.0000000000000000000000000000000000000000
5.00000,5.9999988050705415076890858472324907779694,15.9999964152084928059593949001282453536987,9.9999976101395162686458206735551357269287,9.9999976101395162686458206735551357269287,2.0000000000000000000000000000000000000000
5.10000,6.0899528649434335747514523973222821950912,16.2698585948205227680318785132840275764465,10.1799057298819768391240359051153063774109,10.1799057298819768391240359051153063774109,2.0000000000000000000000000000000000000000
5.20000,6.1800220606998781391894226544536650180817,16.5400661820699639292797655798494815826416,10.3600441213849201460561744170263409614563,10.3600441213849201460561744170263409614563,2.0000000000000000000000000000000000000000
5.30000,6.2695969690543211783051447127945721149445,16.8087909070755543439190660137683153152466,10.5391939380649386492905250634066760540009,10.5391939380649386492905250634066760540009,2.0000000000000000000000000000000000000000
5.40000,6.3583777224951978368494565074797719717026,17.0751331672358581670323474099859595298767,10.7167554448655284460301118087954819202423,10.7167554448655284460301118087954819202423,2.0000000000000000000000000000000000000000
5.50000,6.4464176334701770443302848434541374444962,17.3392528997191632811336603481322526931763,10.8928352665946697186427627457305788993835,10.8928352665946697186427627457305788993835,2.0000000000000000000000000000000000000000
5.60000,6.5340815995058765253133969963528215885162,17.6022447966644293160243250895291566848755,11.0681631980851520324904413428157567977905,11.0681631980851520324904413428157567977905,2.0000000000000000000000000000000000000000
5.70000,6.6219326847110124845130485482513904571533,17.8657980493247237063769716769456863403320,11.2438653670178680954450101125985383987427,11.2438653670178680954450101125985383987427,2.0000000000000000000000000000000000000000
5.80000,6.7105762525383259031741545186378061771393,18.1317287455367583959287003381177783012390,11.4211524990375412613730077282525599002838,11.4211524990375412613730077282525599002838,2.0000000000000004440892098500626161694527
5.90000,6.8005001977178736183304863516241312026978,18.4015005637625499446130561409518122673035,11.6010003807402100051149318460375070571899,11.6010003807402100051149318460375070571899,2.0000000000000026645352591003756970167160
6.00000,6.8919497338080697446116573701146990060806,18.6758491320797261892039387021213769912720,11.7838994329438904173912305850535631179810,11.7838994329438904173912305850535631179810,2.0000000000000133226762955018784850835800
6.10000,6.9848655692830785568503415561281144618988,18.9545965490629484406781557481735944747925,11.9697310591729841888763985480181872844696,11.9697310591729841888763985480181872844696,2.0000000000000617284001691587036475539207
6.20000,7.0788976629319932953876559622585773468018,19.2366926356170857559391151880845427513123,12.1577951492744062989004305563867092132568,12.1577951492744062989004305563867092132568,2.0000000000002695621503789880080148577690
6.30000,7.1734877495826614435259216406848281621933,19.5204624852280552715910744154825806617737,12.3469751174048010256001361995004117488861,12.3469751174048010256001361995004117488861,2.0000000000011155520951433572918176651001
6.40000,7.2679976239804586768400440632831305265427,19.8039912672089926104490587022155523300171,12.5359944455925411688212989247404038906097,12.5359944455925411688212989247404038906097,2.0000000000043689496465049160178750753403
6.50000,7.3618506491677431213815907540265470743179,20.0855486687686806135388906113803386688232,12.7236996589601343288222778937779366970062,12.7236996589601343288222778937779366970062,2.0000000000161581859003945282893255352974
6.60000,7.4546527490556933059906441485509276390076,20.3639517371020275504633900709450244903564,12.9093022430506572106878593331202864646912,12.9093022430506572106878593331202864646912,2.0000000000564064350783155532553791999817
6.70000,7.5462656841836199816953012486919760704041,20.6387844969924785232251451816409826278687,13.0925250904950569719176201033405959606171,13.0925250904950569719176201033405959606171,2.0000000001859827847283668234013020992279
6.80000,7.6368176079549430212978222698438912630081,20.9104293143576676072825648589059710502625,13.2736234608662471146089956164360046386719,13.2736234608662471146089956164360046386719,2.0000000005801177316300254460657015442848
6.90000,7.7266508797894744020595680922269821166992,21.1799099214884130049085797509178519248962,13.4532803997812138163681083824485540390015,13.4532803997812138163681083824485540390015,2.0000000017154611064995606284355744719505
7.00000,7.8162216756231668313148475135676562786102,21.4485897325984851136126962956041097640991,13.6324057017015967119277775054797530174255,13.6324057017015967119277775054797530174255,2.0000000048184580769827789481496438384056
7.10000,7.9059769224617246763386901875492185354233,21.7178020759157810459782922407612204551697,13.8118894927539592742959939641878008842468,13.8118894927539592742959939641878008842468,2.0000000128695889500818339001853018999100
7.20000,7.9962388860511923738272344053257256746292,21.9885034349303296608013624791055917739868,13.9923711441523987986101928981952369213104,13.9923711441523987986101928981952369213104,2.0000000326767257696758406382286921143532
7.30000,8.0871250590541041702863367390818893909454,22.2610328244825268484419211745262145996094,14.1740789023995841233727333019487559795380,14.1740789023995841233727333019487559795380,2.0000000787374605515367420593975111842155
7.40000,8.1785214685875757822941523045301437377930,22.5350319275527333218178682727739214897156,14.3567766083079177974468620959669351577759,14.3567766083079177974468620959669351577759,2.0000001795244730651290865353075787425041
7.50000,8.2701137404754749837820781976915895938873,22.8095393363350460447236400796100497245789,14.5398263454213481082888392847962677478790,14.5398263454213481082888392847962677478790,2.0000003859678248119280397077091038227081
7.60000,8.3614659925936631879039850900880992412567,23.0832294229024981291331641841679811477661,14.7223473177510015830193879082798957824707,14.7223473177510015830193879082798957824707,2.0000007799941585950875833077589049935341
7.70000,8.4521265727534018452615782734937965869904,23.3547329998849448884357116185128688812256,14.9034290469141641466421788209117949008942,14.9034290469141641466421788209117949008942,2.0000014788100166640560928499326109886169
7.80000,8.5417343079233329916633010725490748882294,23.6229604487973396942379622487351298332214,15.0823460631706236512172836228273808956146,15.0823460631706236512172836228273808956146,2.0000026303794271598235354758799076080322
7.90000,8.6301000855695892965968596399761736392975,23.8873507587776643390498065855354070663452,15.2587232226264042367347428807988762855530,15.2587232226264042367347428807988762855530,2.0000043990944424976419213635381311178207
8.00000,8.7172454604816209666751092299818992614746,24.1479896419291506504123390186578035354614,15.4326140779112499501479760510846972465515,15.4326140779112499501479760510846972465515,2.0000069465882686081670271960319951176643
8.10000,8.8033906892350994866092150914482772350311,24.4055711114000288830538920592516660690308,15.6044756922780223362678952980786561965942,15.6044756922780223362678952980786561965942,2.0000104160790845853057362546678632497787
8.20000,8.8888966609385402506404716405086219310760,24.6612125826776598103151627583429217338562,15.7750471596087251668905082624405622482300,15.7750471596087251668905082624405622482300,2.0000149243987501712638277240330353379250
8.30000,8.9741759476704299203220216440968215465546,24.9161662827130605535330687416717410087585,15.9451608387109846631801701732911169528961,15.9451608387109846631801701732911169528961,2.0000205529615242561192189896246418356895
8.40000,9.0595951915911161478334179264493286609650,25.1714927493479336817472358234226703643799,16.1155303114852515022903389763087034225464,16.1155303114852515022903389763087034225464,2.0000273179685459368215560971293598413467
8.50000,9.1453925762175067859516275348141789436340,25.4277705163543927824321144726127386093140,16.2865639851362153933678200701251626014709,16.2865639851362153933678200701251626014709,2.0000351222994670052912624669261276721954
8.60000,9.2316297885624365449075412470847368240356,25.6849079675748228623888280708342790603638,16.4582469912269502287927025463432073593140,16.4582469912269502287927025463432073593140,2.0000437736833585056217543751699849963188
8.70000,9.3181888212361450030130072264000773429871,25.9421010990855123168330464977771043777466,16.6301183445036180330589559162035584449768,16.6301183445036180330589559162035584449768,2.0000532313144221419065615918952971696854
8.80000,9.4048126447662827587237188708968460559845,26.1979501747071132911059976322576403617859,16.8013493257861199481340008787810802459717,16.8013493257861199481340008787810802459717,2.0000641679011557094725048955297097563744
8.90000,9.4911781958296650429929286474362015724182,26.4507160173888600240843516075983643531799,16.9709077458281818451268918579444289207458,16.9709077458281818451268918579444289207458,2.0000787215621578241098177386447787284851
9.00000,9.5769828825210776557241842965595424175262,26.6986692712748414635370863834396004676819,17.1377754945653428819696273421868681907654,17.1377754945653428819696273421868681907654,2.0001011646652324671435962955001741647720
9.10000,9.6620234273329206331482055247761309146881,26.9404673210292848750668781576678156852722,17.3011762988026980281119904248043894767761,17.3011762988026980281119904248043894767761,2.0001381507568090079018929827725514769554
9.20000,9.7462485608953066673620924120768904685974,27.1754845865987739728097949409857392311096,17.4607675162512521183089120313525199890137,17.4607675162512521183089120313525199890137,2.0001981149915768476432731404202058911324
9.30000,9.8297739080301482772483723238110542297363,27.4040218705001663579423620831221342086792,17.6167531625418050111875345464795827865601,17.6167531625418050111875345464795827865601,2.0002894534467077214401342644123360514641
9.40000,9.9128566538955151798973020049743354320526,27.6273295399804439398394606541842222213745,17.7698843144117049064334423746913671493530,17.7698843144117049064334423746913671493530,2.0004175650525524154943468602141365408897
9.50000,9.9958371234534872940002969698980450630188,27.8474007331605761805803922470659017562866,17.9213280695710324152969405986368656158447,17.9213280695710324152969405986368656158447,2.0005817174719950912731292191892862319946
9.60000,10.0790620969679505236626937403343617916107,28.0665295681770352587136585498228669166565,18.0724090714038503335814311867579817771912,18.0724090714038503335814311867579817771912,2.0007735223372837829458603664534166455269
9.70000,10.1628087256488583989266771823167800903320,28.2866874093752826979653036687523126602173,18.2242586754318267594499047845602035522461,18.2242586754318267594499047845602035522461,2.0009787841604897984382205322617664933205
9.80000,10.2472273161027143117962623364292085170746,28.5088387658171455996125587262213230133057,18.3774414388858602364962280262261629104614,18.3774414388858602364962280262261629104614,2.0011832041481429911300438106991350650787
9.90000,10.3323161790274244964393801637925207614899,28.7323736260357875949011940974742174148560,18.5316546746875729922976461239159107208252,18.5316546746875729922976461239159107208252,2.0013804556880701035481706639984622597694
10.00000,10.4179335359776601421799568925052881240845,28.9548435250748639191442634910345077514648,18.6855985896370064835991797735914587974548,18.6855985896370064835991797735914587974548,2.0015798817785106500366509862942621111870
10.10000,10.5038423230856778900488279759883880615234,29.1721345069631254887099203187972307205200,18.8370826698305791069287806749343872070312,18.8370826698305791069287806749343872070312,2.0018114903876460530796066450420767068863
10.20000,10.5897759639539827958287787623703479766846,29.3791004496630954179181571817025542259216,18.9833745117202958851976291043683886528015,18.9833745117202958851976291043683886528015,2.0021273901764837788164186349604278802872
10.30000,10.6755086362207016748016030760481953620911,29.5705510066541776836857025045901536941528,19.1217299943583718402351223630830645561218,19.1217299943583718402351223630830645561218,2.0025996541581370102846904046600684523582
10.40000,10.7609131152221522143008769489824771881104,29.7423818727981377207925106631591916084290,19.2499903459119003912292100721970200538635,19.2499903459119003912292100721970200538635,2.0033142961964833794752394169336184859276
10.50000,10.8459928011282880078169910120777785778046,29.8925787714663719896179827628657221794128,19.3671054103719164629637816688045859336853,19.3671054103719164629637816688045859336853,2.0043607518508297360426695377100259065628
10.60000,10.9308810274657357552996472804807126522064,30.0218285044346977485929528484120965003967,19.4734461346543916704376897541806101799011,19.4734461346543916704376897541806101799011,2.0058172625916474984819615201558917760849
10.70000,11.0158086527100476104124027187936007976532,30.1335284330054165025103429798036813735962,19.5708010949194814998008951079100370407104,19.5708010949194814998008951079100370407104,2.0077348958764997810533259325893595814705
10.80000,11.1010484462946319439424769370816648006439,30.2330985299626924245330883422866463661194,19.6620108684426178058402001624926924705505,19.6620108684426178058402001624926924705505,2.0101252393720883127059551043203100562096
10.90000,11.1868501669392319541884717182256281375885,30.3266678512175218429547385312616825103760,19.7502804418387292173520108917728066444397,19.7502804418387292173520108917728066444397,2.0129571344792975828852377162547782063484
11.00000,11.2733822081993171337899184436537325382233,30.4194156587831159299639693927019834518433,19.8383165296700347823843912919983267784119,19.8383165296700347823843912919983267784119,2.0161648076423621667174757021712139248848
11.10000,11.3606937622592951697697571944445371627808,30.5140396986246926758212794084101915359497,19.9275347052862450425436691148206591606140,19.9275347052862450425436691148206591606140,2.0196640503114942077900195727124810218811
11.20000,11.4487061308624689104362914804369211196899,30.6098905165851427057077671634033322334290,20.0176143699486033256107475608587265014648,20.0176143699486033256107475608587265014648,2.0233679075504062971901930723106488585472
11.30000,11.5372344945834868212841683998703956604004,30.7031448804313455980263825040310621261597,20.1065932783358896074332733405753970146179,20.1065932783358896074332733405753970146179,2.0271928183430540926224239228758960962296
11.40000,11.6260340405071929126279428601264953613281,30.7880093362717097704717161832377314567566,20.1914952700554337639005098026245832443237,20.1914952700554337639005098026245832443237,2.0310528366680378198338985384907573461533
11.50000,11.7148586855253693528311487170867621898651,30.8585357209576933712469326565042138099670,20.2692712683562241693380201468244194984436,20.2692712683562241693380201468244194984436,2.0348518697706139413128312298795208334923
11.60000,11.8035180042346325990365585312247276306152,30.9104183510754495500805205665528774261475,20.3377236073163345508874044753611087799072,20.3377236073163345508874044753611087799072,2.0384891406774121591638504469301551580429
11.70000,11.8919188420921653204231915879063308238983,30.9421997423037602459316985914483666419983,20.3961208850034303452503081643953919410706,20.3961208850034303452503081643953919410706,2.0418768143890675403895329509396106004715
11.80000,11.9800821020066283750793445506133139133453,30.9555594032360517076085670851171016693115,20.4453447679231246070230554323643445968628,20.4453447679231246070230554323643445968628,2.0449519693964308686418007710017263889313
11.90000,12.0681313108289334223854893934912979602814,30.9546778381710652183755883015692234039307,20.4875660433373347757424198789522051811218,20.4875660433373347757424198789522051811218,2.0476770623253326419899167376570403575897
12.00000,12.1562563621105486078022295259870588779449,30.9449475017596249415419151773676276206970,20.5255813236402282484505121828988194465637,20.5255813236402282484505121828988194465637,2.0500412165897170524431203375570476055145
12.10000,12.2446617202894429965454037301242351531982,30.9314782208831857701625267509371042251587,20.5620351313210285582044889451935887336731,20.5620351313210285582044889451935887336731,2.0520696785305734266557919909246265888214
12.20000,12.3335119676325479787237782147713005542755,30.9178875032650921639287844300270080566406,20.5987843655913849261196446605026721954346,20.5987843655913849261196446605026721954346,2.0538307397148654054319649731041863560677
12.30000,12.4228879997283119251960670226253569126129,30.9057582893096061127380380639806389808655,20.6366123448173617305201332783326506614685,20.6366123448173617305201332783326506614685,2.0554215994031928005369991296902298927307
12.40000,12.5127643248954534271888405783101916313171,30.8948903510020151941262156469747424125671,20.6753630570469155713908548932522535324097,20.6753630570469155713908548932522535324097,2.0569285618036365903549267386551946401596
12.50000,12.6030125435288553603641048539429903030396,30.8841340529589132302135112695395946502686,20.7143816391899449058655591215938329696655,20.7143816391899449058655591215938329696655,2.0583833181078805552033372805453836917877
12.60000,12.6934295807522197208072611829265952110291,30.8723374697684000977915275143459439277649,20.7530096423801992955304740462452173233032,20.7530096423801992955304740462452173233032,2.0597477657602225598054701549699530005455
12.70000,12.7837832798535533385120288585312664508820,30.8589343285387300852562475483864545822144,20.7908890613666414992621866986155509948730,20.7908890613666414992621866986155509948730,2.0609394856590022016007424099370837211609
12.80000,12.8738639816149778027920547174289822578430,30.8439694214840223196461010957136750221252,20.8279776948843498018959508044645190238953,20.8279776948843498018959508044645190238953,2.0618780133303009627354640542762354016304
12.90000,12.9635295894289939155896718148142099380493,30.8277147548734689053162583149969577789307,20.8643629927383464917056699050590395927429,20.8643629927383464917056699050590395927429,2.0625183588257716138514297199435532093048
13.00000,13.0527334962885319669112504925578832626343,30.8102425230911585174453648505732417106628,20.9000612010867428125493461266160011291504,20.9000612010867428125493461266160011291504,2.0628536172062021947226639895234256982803
13.10000,13.1415290824844870343213187879882752895355,30.7912823285383154825467499904334545135498,20.9349567797031035354393679881468415260315,20.9349567797031035354393679881468415260315,2.0628978516165963341677525022532790899277
13.20000,13.2300502173389293858463133801706135272980,30.7704533994102256144742568721994757652283,20.9689142737458062981659168144688010215759,20.9689142737458062981659168144688010215759,2.0626750692575410717211070732446387410164
13.30000,13.3184729654530187303862476255744695663452,30.7476872338452373867312417132779955863953,21.0019675977487523255149426404386758804321,21.0019675977487523255149426404386758804321,2.0622250038007545747120730084134265780449
13.40000,13.4069681489256460338310716906562447547913,30.7235133788942071930705424165353178977966,21.0344358510254139105200010817497968673706,21.0344358510254139105200010817497968673706,2.0616098257690222972371429932536557316780
13.50000,13.4956564813274901837303332285955548286438,30.6989521987938793756711675086989998817444,21.0668512351902741386311390670016407966614,21.0668512351902741386311390670016407966614,2.0609062097408195057823832030408084392548
13.60000,13.5845771601957547858319230726920068264008,30.6749906605020932204297423595562577247620,21.0996853817236953432256996165961027145386,21.0996853817236953432256996165961027145386,2.0601970572504586520778957492439076304436
13.70000,13.6736773038512939848487803828902542591095,30.6518760098292517568552284501492977142334,21.1329852147460464095729548716917634010315,21.1329852147460464095729548716917634010315,2.0595828841884507021120498393429443240166
13.80000,13.7628243611927647549464381881989538669586,30.6286137122860537829183158464729785919189,21.1661209953654498860942112514749169349670,21.1661209953654498860942112514749169349670,2.0591960827479178774979118315968662500381
13.90000,13.8518379696511999554786598309874534606934,30.6030066419031285818164178635925054550171,21.1978308713607823676738917129114270210266,21.1978308713607823676738917129114270210266,2.0591828688327620255904548685066401958466
14.00000,13.9405331042092797133591375313699245452881,30.5723100924829758184841921320185065269470,21.2265960799825919025352050084620714187622,21.2265960799825919025352050084620714187622,2.0596510367270668417916112957755103707314
14.10000,14.0287638432137562460866320179775357246399,30.5342286345375413247893447987735271453857,21.2511857951779319364504772238433361053467,21.2511857951779319364504772238433361053467,2.0606208873954314775289731187513098120689
14.20000,14.1164571937500067377868617768399417400360,30.4877702468505695776457287138327956199646,21.2711057061663311174015689175575971603394,21.2711057061663311174015689175575971603394,2.0620160282679176333431314560584723949432
14.30000,14.2036290440016284009061564574949443340302,30.4335491135349833768941607559099793434143,21.2867408061137695085562882013618946075439,21.2867408061137695085562882013618946075439,2.0636965453090740929553703608689829707146
14.40000,14.2903787531640098507068614708259701728821,30.3734354820203726887939410516992211341858,21.2991540086229562689368322025984525680542,21.2991540086229562689368322025984525680542,2.0655062179384691134487184172030538320541
14.50000,14.3768640783777712499613699037581682205200,30.3097860964123846372331172460690140724182,21.3096709121641580964023887645453214645386,21.3096709121641580964023887645453214645386,2.0673083504618419148357588710496202111244
14.60000,14.4632628464294832326686446322128176689148,30.2446613230220648915747005958110094070435,21.3194573981661683603761048289015889167786,21.3194573981661683603761048289015889167786,2.0690093731192082948666666197823360562325
14.70000,14.5497308851679925112421187805011868476868,30.1793773480085327776123449439182877540588,21.3292667326948119921325996983796358108521,21.3292667326948119921325996983796358108521,2.0705747677869039691245234280358999967575
14.80000,14.6363664835973903421972863725386559963226,30.1145160788357948433713318081572651863098,21.3394279543732814374834561021998524665833,21.3394279543732814374834561021998524665833,2.0720266536866240869585453765466809272766
14.90000,14.7231898731107744282553539960645139217377,30.0502554183243830721039557829499244689941,21.3500157431261357032781234011054039001465,21.3500157431261357032781234011054039001465,2.0734138051828838733570137264905497431755
15.00000,14.8101423835995973377066547982394695281982,29.9867269314673308144847396761178970336914,21.3610482703759814171462494414299726486206,21.3610482703759814171462494414299726486206,2.0747727743149626533636364911217242479324
15.10000,14.8971050254013395175434197881259024143219,29.9241399287877030133131484035402536392212,21.3725646649634057894218130968511104583740,21.3725646649634057894218130968511104583740,2.0761156242622296197453124477760866284370
15.20000,14.9839315304206017742671974701806902885437,29.8626113042383884987884812289848923683167,21.3845445583436770675689331255853176116943,21.3845445583436770675689331255853176116943,2.0774537179716325852041336474940180778503
15.30000,15.0704875080149314214850164717063307762146,29.8018809198801726267902267863973975181580,21.3967712861097290044654073426499962806702,21.3967712861097290044654073426499962806702,2.0788258556756455952552187227411195635796
15.40000,15.1566861016030554054623280535452067852020,29.7412008910858354227002564584836363792419,21.4087965420710837349815847119316458702087,21.4087965420710837349815847119316458702087,2.0802939085467229141102052381029352545738
15.50000,15.2425115950562855005046003498136997222900,29.6795717271332257780613872455433011054993,21.4200894238555612503205338725820183753967,21.4200894238555612503205338725820183753967,2.0819044744783914424601789505686610937119
15.60000,15.3280254877081709707908885320648550987244,29.6162346043391480066020449157804250717163,21.4303045833595611213695519836619496345520,21.4303045833595611213695519836619496345520,2.0836509253281967346538294805213809013367
15.70000,15.4133538653585517863575660157948732376099,29.5511153388729361779496684903278946876526,21.4394995751263373051642702193930745124817,21.4394995751263373051642702193930745124817,2.0854700539788106894434349669609218835831
15.80000,15.4986594124052050602813324076123535633087,29.4849162850516286482616123976185917854309,21.4481508977707484575603302801027894020081,21.4481508977707484575603302801027894020081,2.0872739019153385697791236452758312225342
15.90000,15.5841050665053337809240474598482251167297,29.4187674053758563275096094002947211265564,21.4569410026160092286318104015663266181946,21.4569410026160092286318104015663266181946,2.0889904666491676543671474064467474818230
16.00000,15.6698182373722723070841311709955334663391,29.3536238432952103494244511239230632781982,21.4664242189716212294570141239091753959656,21.4664242189716212294570141239091753959656,2.0905936427242441943974426976637914776802
16.10000,15.7558642329233808965227581211365759372711,29.2897536688585091724235098809003829956055,21.4767507409869580214945017360150814056396,21.4767507409869580214945017360150814056396,2.0921164198079704732435857295058667659760
16.20000,15.8422351425287875059666475863195955753326,29.2266061127477101422300620470196008682251,21.4876021461941206780466018244624137878418,21.4876021461941206780466018244624137878418,2.0936369628882589566387650847900658845901
16.30000,15.9288565410746567607702672830782830715179,29.1631236394436719194800389232113957405090,21.4983742744785821798814140493050217628479,21.4983742744785821798814140493050217628479,2.0952316315611647645766879577422514557838
16.40000,16.0156099955045760907523799687623977661133,29.0982955754177261553650168934836983680725,21.5084935722053174345091974828392267227173,21.5084935722053174345091974828392267227173,2.0969184265116656007421624963171780109406
16.50000,16.1023655729239862921531312167644500732422,29.0316142471493989773989596869796514511108,21.5176740241021953181643766583874821662903,21.5176740241021953181643766583874821662903,2.0986317718689959654909671371569857001305
16.60000,16.1890162694223107564539532177150249481201,28.9631808442397868930129334330558776855469,21.5259760728016971143006230704486370086670,21.5259760728016971143006230704486370086670,2.1002449680587020885980109596857801079750
16.70000,16.2755059979913667689288558904081583023071,28.8934576856377489662008883897215127944946,21.5336743713717346793146134587004780769348,21.5336743713717346793146134587004780769348,2.1016149408856441560544681124156340956688
16.80000,16.3618444941771166156740946462377905845642,28.8228966072252994479185872478410601615906,21.5410658463933835093939705984666943550110,21.5410658463933835093939705984666943550110,2.1026094086156512652507899474585428833961
16.90000,16.4481057614636760888515709666535258293152,28.7517254461697113754325982881709933280945,21.5483650607133405685544857988134026527405,21.5483650607133405685544857988134026527405,2.1031010862067058830859878071350976824760
17.00000,16.5344106905334484736158628948032855987549,28.6800197313800744325362757081165909767151,21.5557410416181625123499543406069278717041,21.5557410416181625123499543406069278717041,2.1029483386772023223443284223321825265884
17.10000,16.6208982939674889678371982881799340248108,28.6079513777340608271515520755201578140259,21.5634297824770868601262918673455715179443,21.5634297824770868601262918673455715179443,2.1019901067473738542901173786958679556847
17.20000,16.7076926944686583453858474968001246452332,28.5359695639777477538245875621214509010315,21.5717991418076877607745700515806674957275,21.5717991418076877607745700515806674957275,2.1000639748310341303749737562611699104309
17.30000,16.7948739410214997747061715926975011825562,28.4647247309433133466427534585818648338318,21.5812791769393186314118793234229087829590,21.5812791769393186314118793234229087829590,2.0970403180861758585251664044335484504700
17.40000,16.8824596800955788467035745270550251007080,28.3947429619829492253302305471152067184448,21.5921697446934608421997836558148264884949,21.5921697446934608421997836558148264884949,2.0928631526916072758126574626658111810684
17.50000,16.9704019526044760368677088990807533264160,28.3260523596832349824126140447333455085754,21.6044369192650123068233369849622249603271,21.6044369192650123068233369849622249603271,2.0875804737576850733660194237018004059792
17.60000,17.0585996303836537890674662776291370391846,28.2580222761372361617304704850539565086365,21.6176430611594732056346401805058121681213,21.6176430611594732056346401805058121681213,2.0813357842019390986365579010453075170517
17.70000,17.1469231993443216310879506636410951614380,28.1895552999484237943761399947106838226318,21.6310841407504739208889077417552471160889,21.6310841407504739208889077417552471160889,2.0743102177917980277754850249039009213448
17.80000,17.2352456756548981786636431934311985969543,28.1195455743360405165276461048051714897156,21.6440705420649486256934324046596884727478,21.6440705420649486256934324046596884727478,2.0666501658610418878936343389796093106270
17.90000,17.3234720879731369791443285066634416580200,28.0473365031869796837327157845720648765564,21.6561868868891416184396803146228194236755,21.6561868868891416184396803146228194236755,2.0584348173818334259976836619898676872253
18.00000,17.4115604501063749864897545194253325462341,27.9729080800469631640225998125970363616943,21.6673831569165464827619871357455849647522,21.6673831569165464827619871357455849647522,2.0497022163202416322747012600302696228027
18.10000,17.4995293194726215801892976742237806320190,27.8967109669477615341293130768463015556335,21.6778691993166425788786000339314341545105,21.6778691993166425788786000339314341545105,2.0405018877870997329182500834576785564423
18.20000,17.5874503416709835335041134385392069816589,27.8193063827905149310026899911463260650635,21.6879129895777147396529471734538674354553,21.6879129895777147396529471734538674354553,2.0309307453060698733793287829030305147171
18.30000,17.6754278255252152973753254627808928489685,27.7410891180883290019210107857361435890198,21.6976868512972700386853830423206090927124,21.6976868512972700386853830423206090927124,2.0211432410190046660147800139384344220161
18.40000,17.7635705071674756538868678035214543342590,27.6622733909831275411761453142389655113220,21.7072463093280845214394503273069858551025,21.7072463093280845214394503273069858551025,2.0113512794944323758272730628959834575653
18.50000,17.8519624978436866058473242446780204772949,27.5830961685389368653886776883155107498169,21.7166195770610599424799147527664899826050,21.7166195770610599424799147527664899826050,2.0018195122605049185438019776483997702599
18.60000,17.9406405227238359145758295198902487754822,27.5040331656639658319818408926948904991150,21.7259065815805811894279031548649072647095,21.7259065815805811894279031548649072647095,1.9928605252266373693004197775735519826412
18.70000,18.0295829266767242415880900807678699493408,27.4258307729152903675640118308365345001221,21.7352834514460013792813697364181280136108,21.7352834514460013792813697364181280136108,1.9848467967000131828569919889559969305992
18.80000,18.1187129682722840584574441891163587570190,27.3493051187287221637234324589371681213379,21.7448859839642061331232980592176318168640,21.7448859839642061331232980592176318168640,1.9782461190725932898004657545243389904499
18.90000,18.2079153985229851286931079812347888946533,27.2750438944128461571381194517016410827637,21.7546524834755494737237313529476523399353,21.7546524834755494737237313529476523399353,1.9736543259847323383837647270411252975464
19.00000,18.2970621083439866083608649205416440963745,27.2032328162196854748344776453450322151184,21.7642571345330999577072361717000603675842,21.7642571345330999577072361717000603675842,1.9717806554974717236916603724239394068718
19.10000,18.3860405064553553700079646660014986991882,27.1337377537084769585362664656713604927063,21.7732102252639769801589864073321223258972,21.7732102252639769801589864073321223258972,1.9733578096358770359586287668207660317421
19.20000,18.4747777414693921116395358694717288017273,27.0663651128659736855297524016350507736206,21.7810793460598510762338264612480998039246,21.7810793460598510762338264612480998039246,1.9789841622156640887908451986731961369514
19.30000,18.5632549989113968536003085318952798843384,27.0010686130277193228721444029361009597778,21.7876937363105653844286280218511819839478,21.7876937363105653844286280218511819839478,1.9889361393179862957936165912542492151260
19.40000,18.6515085844219470345706213265657424926758,26.9379073466312028983793425140902400016785,21.7932053782363652771891793236136436462402,21.7932053782363652771891793236136436462402,2.0030051745804202667500248935539275407791
19.50000,18.7396177386612130533194431336596608161926,26.8767565078842132209047122159972786903381,21.7979826787264379106545675313100218772888,21.7979826787264379106545675313100218772888,2.0204088890925548938071187876630574464798
19.60000,18.8276823405195052885119366692379117012024,26.8169634397842884254714590497314929962158,21.8024226393449467309437750373035669326782,21.8024226393449467309437750373035669326782,2.0398005016139046929879441449884325265884
19.70000,18.9157960725570042370691226096823811531067,26.7571907099742496427552396198734641075134,21.8068065046088328529094724217429757118225,21.8068065046088328529094724217429757118225,2.0593737733135877299162075360072776675224
19.80000,19.0040216613941304046875302447006106376648,26.6955779941722113335345056839287281036377,21.8112766142175686923110333736985921859741,21.8112766142175686923110333736985921859741,2.0770464271312043535999691812321543693542
19.90000,19.0923742153215734163040906423702836036682,26.6301674148141565012792852940037846565247,21.8159196441352527529033977771177887916565,21.8159196441352527529033977771177887916565,2.0907023418652221913305311318254098296165
20.00000,19.1808166180101622444453823845833539962769,26.5593965263612439287044253433123230934143,21.8208648467168480067357450025156140327454,21.8208648467168480067357450025156140327454,2.0984834509377141564812063734279945492744
20.10000,19.2692679298576550195321033243089914321899,26.4824555224982809420453122584149241447449,21.8262994584511886841937666758894920349121,21.8262994584511886841937666758894920349121,2.0991245354535608136359314812580123543739
20.20000,19.3576225586320163074560696259140968322754,26.3994154385282371322318795137107372283936,21.8323780366219644122338650049641728401184,21.8323780366219644122338650049641728401184,2.0922819239163232829525895795086398720741
20.30000,19.4457753782816737952998664695769548416138,26.3111672642542941957799484953284263610840,21.8391004525477825382040464319288730621338,21.8391004525477825382040464319288730621338,2.0787417374404024705825122509850189089775
20.40000,19.5336466138951792004263552371412515640259,26.2192786108401989508820406626909971237183,21.8462688548192183191076765069738030433655,21.8462688548192183191076765069738030433655,2.0603875150969415130930428858846426010132
20.50000,19.6212004689161005899222800508141517639160,26.1258493087153951250911632087081670761108,21.8535733608807731798151507973670959472656,21.8535733608807731798151507973670959472656,2.0399030558699484672047219646628946065903
20.60000,19.7084530743699666288648586487397551536560,26.0333608428918132915441674413159489631653,21.8607501977790121827638358809053897857666,21.8607501977790121827638358809053897857666,2.0203135217037533344353050779318436980247
20.70000,19.7954679800500912278948817402124404907227,25.9444311622678078776971233310177922248840,21.8676938274551524443722883006557822227478,21.8676938274551524443722883006557822227478,2.0045114874075911082229595194803550839424
20.80000,19.8823404423806167073962569702416658401489,25.8613946029708756668696878477931022644043,21.8744361633750976636747509473934769630432,21.8744361633750976636747509473934769630432,1.9948627186012948264703936729347333312035
20.90000,19.9691744639801846972204657504335045814514,25.7857756268222821915969689143821597099304,21.8810018166839981290650030132383108139038,21.8810018166839981290650030132383108139038,1.9929464574344710747766384884016588330269
21.00000,20.0560582553531432381532795261591672897339,25.7179109303992525781268341233953833580017,21.8872332516024670212573255412280559539795,21.8872332516024670212573255412280559539795,1.9995026825474637721669068923802115023136
21.10000,20.1430441043872896500488423043861985206604,25.6569890383109751041956769768148660659790,21.8926983346902765958930103806778788566589,21.8926983346902765958930103806778788566589,2.0146364733177142269937576202210038900375
21.20000,20.2301374838834853164826199645176529884338,25.6015494655905477827673166757449507713318,21.8967383591525859287685307208448648452759,21.8967383591525859287685307208448648452759,2.0382102311688634621589244488859549164772
21.30000,20.3172979004750011711166735040023922920227,25.5501918179472085057568619959056377410889,21.8986229655694479845351452240720391273499,21.8986229655694479845351452240720391273499,2.0702437872833119314464056515134871006012
21.40000,20.4044510831178200760405161418020725250244,25.5021280524602538264389295363798737525940,21.8977129420317702113152336096391081809998,21.8977129420317702113152336096391081809998,2.1111532515145392530087065097177401185036
21.50000,20.4915093539910913023049943149089813232422,25.4573373618006968399640754796564579010010,21.8935446624401670590032153995707631111145,21.8935446624401670590032153995707631111145,2.1617573909114562447086882457369938492775
21.60000,20.5783950905196171277111716335639357566833,25.4163297126025327088427729904651641845703,21.8858300205738487420603632926940917968750,21.8858300205738487420603632926940917968750,2.2230647619744523524332180386409163475037
21.70000,20.6650615230721612647357687819749116897583,25.3797177704544729692770488327369093894958,21.8744406773696127288530988153070211410522,21.8744406773696127288530988153070211410522,2.2958979387874052235929411835968494415283
21.80000,20.7515058477650100599021243397146463394165,25.3478361229505999574485031189396977424622,21.8594486014227982195734512060880661010742,21.8594486014227982195734512060880661010742,2.3804447678700135782037250464782118797302
21.90000,20.8377715631313513711120322113856673240662,25.3205443618089063306797470431774854660034,21.8412267645885549427475780248641967773438,21.8412267645885549427475780248641967773438,2.4758623957631438194937345542712137103081
22.00000,20.9239395847444455966979148797690868377686,25.2972117287788869077758135972544550895691,21.8205373934653295009411522187292575836182,21.8205373934653295009411522187292575836182,2.5800765265926743907698437396902590990067
22.10000,21.0101104142783405848149413941428065299988,25.2768088139467899111423321301117539405823,21.7985170823534382122943497961387038230896,21.7985170823534382122943497961387038230896,2.6898850635182496304764754313509911298752
22.20000,21.0963817846641177311539649963378906250000,25.2580389048269395857460040133446455001831,21.7765222192607801332542294403538107872009,21.7765222192607801332542294403538107872009,2.8013762509694961622130904288496822118759
22.30000,21.1828272536087460764520074008032679557800,25.2394797245636048899086745223030447959900,21.7558814243633840135316859232261776924133,21.7558814243633840135316859232261776924133,2.9105441294455856038325691770296543836594
22.40000,21.2694809217096150177894742228090763092041,25.2197459457431634177737578283995389938354,21.7376566951800889171408925903961062431335,21.7376566951800889171408925903961062431335,3.0139134770926028217274961207294836640358
22.50000,21.3563318908359569547883438644930720329285,25.1976967084390537365834461525082588195801,21.7225078408699623366828745929524302482605,21.7225078408699623366828745929524302482605,3.1090129175350824652923620305955410003662
22.60000,21.4433296526677033000396477291360497474670,25.1726655288279275168861204292625188827515,21.7106887169856506147880281787365674972534,21.7106887169856506147880281787365674972534,3.1946177475243286991712921008002012968063
22.70000,21.5303989183934767481787275755777955055237,25.1446063708349143439590989146381616592407,21.7021223903703237567697215126827359199524,21.7021223903703237567697215126827359199524,3.2707605084877409140631243644747883081436
22.80000,21.6174601313428951243622577749192714691162,25.1140277734017516308995254803448915481567,21.6964679624201508545411343220621347427368,21.6964679624201508545411343220621347427368,3.3385519799043392730197865603258833289146
22.90000,21.7044505883279974511879117926582694053650,25.0816990213678785437423357507213950157166,21.6931320646433221099869115278124809265137,21.6931320646433221099869115278124809265137,3.3998854804092299985995850875042378902435
23.00000,21.7913410283469382022758509265258908271790,25.0482831854688292594346421537920832633972,21.6912539501125642971146589843556284904480,21.6912539501125642971146589843556284904480,3.4571163135906357588567061611684039235115
23.10000,21.8781437183644698052376043051481246948242,25.0141114613495112450891610933467745780945,21.6897333875178190965016256086528301239014,21.6897333875178190965016256086528301239014,3.5127884046783424132343043311266228556633
23.20000,21.9649101740295229490129713667556643486023,24.9791917042393549763801274821162223815918,21.6873399597138707406429602997377514839172,21.6873399597138707406429602997377514839172,3.5694219588411377763748077995842322707176
23.30000,22.0517191840461670437889551976695656776428,24.9433530136209462568785966141149401664734,21.6828721097120151739545690361410379409790,21.6828721097120151739545690361410379409790,3.6293279782430865054720925400033593177795
23.40000,22.1386581515764184757699695182964205741882,24.9063387187078717488475376740097999572754,21.6752886272011231483247684082016348838806,21.6752886272011231483247684082016348838806,3.6944196158820448161463900760281831026077
23.50000,22.2258023602857939238219842081889510154724,24.8677375222333267856811289675533771514893,21.6637515613119759905202954541891813278198,21.6637515613119759905202954541891813278198,3.7660367598951691725517321174265816807747
23.60000,22.3131972313329072221677051857113838195801,24.8268077647733420576514618005603551864624,21.6475815136268217031556559959426522254944,21.6475815136268217031556559959426522254944,3.8448419688526076498646943946368992328644
23.70000,22.4008478533729444848177081439644098281860,24.7823671240238141422196349594742059707642,21.6261871109396324186491256114095449447632,21.6261871109396324186491256114095449447632,3.9308407555174880165793638298055157065392
23.80000,22.4887182430397309929048788035288453102112,24.7329062607416325647591293090954422950745,21.5990475342684966619799524778500199317932,21.5990475342684966619799524778500199317932,4.0235294352443720100609425571747124195099
23.90000,22.5767403907534571771975606679916381835938,24.6769562745686883431517344433814287185669,21.5657851055858031941170338541269302368164,21.5657851055858031941170338541269302368164,4.1221264541505346912231289024930447340012
24.00000,22.6648307665632451346482412191107869148254,24.6135826999176927643020462710410356521606,21.5262916417866883023179980227723717689514,21.5262916417866883023179980227723717689514,4.2258301829075604061358717444818466901779
24.10000,22.7529101848821291298463620478287339210510,24.5427847870924118467428343137726187705994,21.4808250016246837788003176683560013771057,21.4808250016246837788003176683560013771057,4.3340449687251672017396231240127235651016
24.20000,22.8409221737549081865381594980135560035706,24.4656014952612856916402961360290646553040,21.4300102251872104375252092722803354263306,21.4300102251872104375252092722803354263306,4.4465032186417738913064567896071821451187
24.30000,22.9288454241875392369820474414154887199402,24.3838643686601912463629560079425573348999,21.3747463087464311115581949707120656967163,21.3747463087464311115581949707120656967163,4.5632171753548673720501938078086823225021
24.40000,23.0166973840129891470951406517997384071350,24.2997221676447416882638208335265517234802,21.3160778511943149737817293498665094375610,21.3160778511943149737817293498665094375610,4.6842638492690999996170830854680389165878
24.50000,23.1045282385639119127063167979940772056580,24.2151696756819845290920056868344545364380,21.2550949408780383009798242710530757904053,21.2550949408780383009798242710530757904053,4.8095080324898171753034148423466831445694
24.60000,23.1924068596628032423723198007792234420776,24.1317593513652575154537771595641970634460,21.1928783307527872636910615256056189537048,21.1928783307527872636910615256056189537048,4.9384095495224862304439739091321825981140
24.70000,23.2804022415462661399487842572852969169617,24.0505119654669492490484117297455668449402,21.1304554680767999741419771453365683555603,21.1304554680767999741419771453365683555603,5.0700032708596127761779825959820300340652
24.80000,23.3685650090005978540830255951732397079468,23.9719245322316822921493439935147762298584,21.0687211655773865004448452964425086975098,21.0687211655773865004448452964425086975098,5.2030472100775080335210986959282308816910
24.90000,23.4569135211724280054568225750699639320374,23.8959906295321609093207371188327670097351,21.0083122950614793467138952109962701797485,21.0083122950614793467138952109962701797485,5.3362795605816293331713495717849582433701
25.00000,23.5454279249665745510355918668210506439209,23.8222384087407164088290301151573657989502,20.9494791751682853941929352004081010818481,20.9494791751682853941929352004081010818481,5.4687079833707219478355909814126789569855
25.10000,23.6340535324164982000638701720163226127625,23.7498378415237496597001154441386461257935,20.8920262356210031384762260131537914276123,20.8920262356210031384762260131537914276123,5.5998389026982433591683729900978505611420
25.20000,23.7227126051717078780711744911968708038330,23.6777881467303323859141528373584151268005,20.8353740245351382043281773803755640983582,20.8353740245351382043281773803755640983582,5.7297527028317620789721331675536930561066
25.30000,23.8113215943590006418162374757230281829834,23.6051228631141398750514781568199396133423,20.7787305829694446401845198124647140502930,20.7787305829694446401845198124647140502930,5.8589832915342503483202563074883073568344
25.40000,23.8998095977729647643172938842326402664185,23.5310443144885859112491743871942162513733,20.7212974117753461200663878116756677627563,20.7212974117753461200663878116756677627563,5.9882590887108646526826305489521473646164
25.50000,23.9881335561255468746821861714124679565430,23.4549497762670711153987213037908077239990,20.6624235974094574430637294426560401916504,20.6624235974094574430637294426560401916504,6.1182361375737013275966091896407306194305
25.60000,24.0762865549903750661542289890348911285400,23.3763918836325572669920802582055330276489,20.6016690456478919202254473930224776268005,20.6016690456478919202254473930224776268005,6.2493403473271467163385750609450042247772
25.70000,24.1642973101083455844673153478652238845825,23.2950543611147189437815541168674826622009,20.5388014294205767384937644237652420997620,20.5388014294205767384937644237652420997620,6.3817488123819110512613406172022223472595
25.80000,24.2522210710877175188215915113687515258789,23.2107954924091508530636929208412766456604,20.4737790764441811575125029776245355606079,20.4737790764441811575125029776245355606079,6.5154584106085051686818587768357247114182
25.90000,24.3401242603449325940800918033346533775330,23.1237457418612422088699531741440296173096,20.4067485839443882866817148169502615928650,20.4067485839443882866817148169502615928650,6.6503728343173982295866153435781598091125
26.00000,24.4280666672460249344567273510619997978210,23.0343844697672857080306130228564143180847,20.3380416197548861134691833285614848136902,20.3380416197548861134691833285614848136902,6.7863678975035357510137146164197474718094
26.10000,24.5160855773871197982316516572609543800354,22.9434967365776820713563211029395461082458,20.2681329755508059520252572838217020034790,20.2681329755508059520252572838217020034790,6.9233163628631899655374581925570964813232
26.20000,24.6041856999550176965385617222636938095093,22.8519618248895035605983139248564839363098,20.1975401834058558847573294769972562789917,20.1975401834058558847573294769972562789917,7.0610671580328094876222166931256651878357
26.30000,24.6923372962436360467108897864818572998047,22.7604544465713054535171977477148175239563,20.1266890310621668902513192733749747276306,20.1266890310621668902513192733749747276306,7.1994136806906094960822883876971900463104
26.40000,24.7804828793538334252843924332410097122192,22.6692481855975067617237073136493563652039,20.0558052845268512953680328791961073875427,20.0558052845268512953680328791961073875427,7.3381204958976331553799354878719896078110
26.50000,24.8685507578476858725480269640684127807617,22.5782693912515846079713810468092560768127,19.9848899594184530315033043734729290008545,19.9848899594184530315033043734729290008545,7.4770402302623582002638613630551844835281
26.60000,24.9564720503789203576161526143550872802734,22.4873678018508655895857373252511024475098,19.9137890850471173109781375387683510780334,19.9137890850471173109781375387683510780334,7.6162616821355486607103557616937905550003
26.70000,25.0441969969301894138880015816539525985718,22.3966035410315740250553062651306390762329,19.8423112706394988435931736603379249572754,19.8423112706394988435931736603379249572754,7.7561779966827648635785408259835094213486
26.80000,25.1317066136559397193650511326268315315247,22.3063409802218899358194903470575809478760,19.7703231585197301001244341023266315460205,19.7703231585197301001244341023266315460205,7.8974012768383730076493520755320787429810
26.90000,25.2190169121366309923359949607402086257935,22.2170904884019257963245763676241040229797,19.6977817795129261924103047931566834449768,19.6977817795129261924103047931566834449768,8.0405438415127026274831223418004810810089
27.00000,25.3061747355648520851900684647262096405029,22.1292258589534576174173707840964198112488,19.6247169225978659312659146962687373161316,19.6247169225978659312659146962687373161316,8.1859667493225796164324492565356194972992
27.10000,25.3932463077246346472293225815519690513611,22.0427857641188005288768181344494223594666,19.5512094820148050189345667604357004165649,19.5512094820148050189345667604357004165649,8.3336131078138198091664889943785965442657
27.20000,25.4803013514794116645134636200964450836182,21.9574927953385810042163939215242862701416,19.4773990181815719324731617234647274017334,19.4773990181815719324731617234647274017334,8.4829961104548505801403734949417412281036
27.30000,25.5673966855895464789227844448760151863098,21.8729688977477607636501488741487264633179,19.4035121935726451170012296643108129501343,19.4035121935726451170012296643108129501343,8.6333411961920205612841527909040451049805
27.40000,25.6545632974745210219680302543565630912781,21.7890034699013526164890208747237920761108,19.3298727176512556980014778673648834228516,19.3298727176512556980014778673648834228516,8.7838213320733657951677741948515176773071
27.50000,25.7417999981427918498866347363218665122986,21.7057048232626641492970520630478858947754,19.2568595317757349505427555413916707038879,19.2568595317757349505427555413916707038879,8.9337857578539896508118545170873403549194
27.60000,25.8290751216652800792417110642418265342712,21.6234451413169175282291689654812216758728,19.1848174745806367980094364611431956291199,19.1848174745806367980094364611431956291199,9.0828853138209240114520071074366569519043
27.70000,25.9163357494325694574399676639586687088013,21.5426493851936520229628513334318995475769,19.1139635956508655567631649319082498550415,19.1139635956508655567631649319082498550415,9.2310579433244885905196497333236038684845
27.80000,26.0035221113766930045585468178614974021912,21.4635824086924458242719992995262145996094,19.0443413320793268894703942351043224334717,19.0443413320793268894703942351043224334717,9.3784218559104886026034364476799964904785
27.90000,26.0905835865575532750426646089181303977966,21.3862670811300041862068610498681664466858,18.9758443425662903791817370802164077758789,18.9758443425662903791817370802164077758789,9.5251619825549784792428908986039459705353
28.00000,26.1774923816901043949201266514137387275696,21.3105425221422422055184142664074897766113,18.9082842178466066229702846612781286239624,18.9082842178466066229702846612781286239624,9.6714664681391298017842927947640419006348
28.10000,26.2642515758689967242389684543013572692871,21.2361681060066089798965549562126398086548,18.8414503489117244328099332051351666450500,18.8414503489117244328099332051351666450500,9.8175189840521550621588175999931991100311
28.20000,26.3508956221169974298845772864297032356262,21.1628788901630713326085242442786693572998,18.7751269601096986150423617800697684288025,18.7751269601096986150423617800697684288025,9.9635205920606697560515385703183710575104
28.30000,26.4374832455672148512348940130323171615601,21.0903698606568639206670923158526420593262,18.7090746448359226405955269001424312591553,18.7090746448359226405955269001424312591553,10.1097038165522317143540931283496320247650
28.40000,26.5240845255302808425312832696363329887390,21.0182492684465316301611892413347959518433,18.6430129374166817513014393625780940055847,18.6430129374166817513014393625780940055847,10.2563079191434471937327543855644762516022
28.50000,26.6107653477192158675279642920941114425659,20.9460132177346665116601798217743635177612,18.5766327679027618557938694721087813377380,18.5766327679027618557938694721087813377380,10.4035130296483568912435657694004476070404
28.60000,26.6975730249580891495497780852019786834717,20.8730666332775207649774529272690415382385,18.5096346309315507028259162325412034988403,18.5096346309315507028259162325412034988403,10.5513703963725102852322379476390779018402
28.70000,26.7845265635035190143753425218164920806885,20.7987840121159877071477239951491355895996,18.4417628378132043565074127400293946266174,18.4417628378132043565074127400293946266174,10.6997848999930944557945622364059090614319
28.80000,26.8716138826112640458632085938006639480591,20.7225899456155744360330572817474603652954,18.3728113779242328007512696785852313041687,18.3728113779242328007512696785852313041687,10.8485810723783711040368871181271970272064
28.90000,26.9587965731177447992195084225386381149292,20.6440460933222738049153122119605541229248,18.3026080479967490077797265257686376571655,18.3026080479967490077797265257686376571655,10.9976265704465188122185281827114522457123
29.00000,27.0460209370008506368776579620316624641418,20.5629496025100202416524552972987294197083,18.2310141810560999431345408083871006965637,18.2310141810560999431345408083871006965637,11.1469421773986727686178710428066551685333
29.10000,27.1332325376614669210084684891626238822937,20.4794590860139535948292177636176347732544,18.1579787165547337224325019633397459983826,18.1579787165547337224325019633397459983826,11.2967341905659548473295217263512313365936
29.20000,27.2203906726860367371045867912471294403076,20.3942377126985405766390613280236721038818,18.0836482601029935324277175823226571083069,18.0836482601029935324277175823226571083069,11.4473318651785938016018917551264166831970
29.30000,27.3074792431978963236360868904739618301392,20.3085391025954677957088279072195291519165,18.0084819258410426812133664498105645179749,18.0084819258410426812133664498105645179749,11.5990544941112805332750212983228266239166
29.40000,27.3945114077591505008513195207342505455017,20.2241280943426282590280607109889388084412,17.9332923336266141234318638453260064125061,17.9332923336266141234318638453260064125061,11.7520548348485522893724919413216412067413
29.50000,27.4815269436665197133606852730736136436462,20.1429935052993656086073315236717462539673,17.8591574189176256481914606411010026931763,17.8591574189176256481914606411010026931763,11.9062056111306340255850955145433545112610
29.60000,27.5685830197307382150029297918081283569336,20.0669396334661414016409253235906362533569,17.7872094603708319482393562793731689453125,17.7872094603708319482393562793731689453125,12.0611037324552139438083031564019620418549
29.70000,27.6557406813236390519250562647357583045959,19.9972189048698361091283004498109221458435,17.7183703006174155802909808699041604995728,17.7183703006174155802909808699041604995728,12.2162189849586457768282343749888241291046
29.80000,27.7430503744449232783608749741688370704651,19.9343245474198162980883353156968951225281,17.6531303125036487244869931600987911224365,17.6531303125036487244869931600987911224365,12.3711142968574403511183845694176852703094
29.90000,27.8305400426760769505563075654208660125732,19.8779620026698928825226175831630825996399,17.5914489883796036906460358295589685440063,17.5914489883796036906460358295589685440063,12.5256040685867624517868534894660115242004
30.00000,27.9182086721245319438367005204781889915466,19.8271516095235220689119159942492842674255,17.5327984766613056422102090436965227127075,17.5327984766613056422102090436965227127075,12.6797633283254445046850378275848925113678
30.10000,28.0060268027743788366024091374129056930542,19.7804097617426002386764594120904803276062,17.4763133541722908148585702292621135711670,17.4763133541722908148585702292621135711670,12.8338098561723956692048886907286942005157
30.20000,28.0939438107316803439061914104968309402466,19.7359917585663424688391387462615966796875,17.4209891761373185659067530650645494461060,17.4209891761373185659067530650645494461060,12.9879572170233856809318240266293287277222
30.30000,28.1819001199415417602267552865669131278992,19.6922132282704254180316638667136430740356,17.3658924438305177773145260289311408996582,17.3658924438305177773145260289311408996582,13.1423284605509316236293670954182744026184
30.40000,28.2698413251657356681789678987115621566772,19.6478530934520705386603367514908313751221,17.3103685807246883143761806422844529151917,17.3103685807246883143761806422844529151917,13.2969572571684313544437827658839523792267
30.50000,28.3577307787576273767626844346523284912109,19.6025763161062229755771113559603691101074,17.2542306113996986027814273256808519363403,17.2542306113996986027814273256808519363403,13.4518458720644531467769411392509937286377
30.60000,28.4455576043465576674407202517613768577576,19.5572435169940277432942821178585290908813,17.1978869881550870957198640098795294761658,17.1978869881550870957198640098795294761658,13.6070271450304112192952743498608469963074
30.70000,28.5333382409741354024390602717176079750061,19.5139556850393027787049504695460200309753,17.1423541463435178400231961859390139579773,17.1423541463435178400231961859390139579773,13.7625856333264078301681365701369941234589
30.80000,28.6211112097589222003080067224800586700439,19.4757501674981376993400772335007786750793,17.0891197060641673033387633040547370910645,17.0891197060641673033387633040547370910645,13.9186219651287217402568785473704338073730
30.90000,28.7089264459246464866737369447946548461914,19.4459975391062300786870764568448066711426,17.0398691426273671822855249047279357910156,17.0398691426273671822855249047279357910156,14.0751856997761439771466029924340546131134
31.00000,28.7968318523753019633204530691727995872498,19.4276757026650770399101020302623510360718,16.9961362164959659537544212071225047111511,16.9961362164959659537544212071225047111511,14.2322351220484470957217126851901412010193
31.10000,28.8848603885274854974340996704995632171631,19.4227382957430911858409672277048230171204,16.9589641025568127474798529874533414840698,16.9589641025568127474798529874533414840698,14.3896704791569511883153609232977032661438
31.20000,28.9730208511817117766895535169169306755066,19.4317244421700472400971193565055727958679,16.9286616161687959447590401396155357360840,16.9286616161687959447590401396155357360840,14.5474220610141689036254319944418966770172
31.30000,29.0612945753888460842517815763130784034729,19.4536484660209261221552878851071000099182,16.9047110688606352368879015557467937469482,16.9047110688606352368879015557467937469482,14.7055209036885035089881057501770555973053
31.40000,29.1496388169098707976445439271628856658936,19.4861609907535395791455812286585569381714,16.8858512151439761339588585542514920234680,16.8858512151439761339588585542514920234680,14.8640973773754581088724080473184585571289
31.50000,29.2379959402047120420320425182580947875977,19.5259873281997826666156470309942960739136,16.8703357575843284621441853232681751251221,16.8703357575843284621441853232681751251221,15.0233117532358413370729977032169699668884
31.60000,29.3263061306997592225798143772408366203308,19.5696384773511979915383562911301851272583,16.8563418449098563201005163136869668960571,16.8563418449098563201005163136869668960571,15.1832609182312463502739774412475526332855
31.70000,29.4145205169638153108735423302277922630310,19.6143035992555709867701807525008916854858,16.8424551902640402545330289285629987716675,16.8424551902640402545330289285629987716675,15.3439137356913057885776652256026864051819
31.80000,29.5026115212059494297136552631855010986328,19.6587051064620617069067520787939429283142,16.8281010536487620754542149370536208152771,16.8281010536487620754542149370536208152771,15.5051145203704887620688168681226670742035
31.90000,29.5905779609952155340124591020867228507996,19.7036070477104061637874110601842403411865,16.8137645513946658581971860257908701896667,16.8137645513946658581971860257908701896667,15.6666559059162899814054981106892228126526
32.00000,29.6784437226537036735862784553319215774536,19.7516975644179098026143037714064121246338,16.8008862499082418651141779264435172080994,16.8008862499082418651141779264435172080994,15.8283687872551279696153869736008346080780
32.10000,29.7662503994934120044035807950422167778015,19.8067712058871840952178899897262454032898,16.7914316148700599740095640299841761589050,16.7914316148700599740095640299841761589050,15.9901583756404797043160215253010392189026
32.20000,29.8540457542048685013469366822391748428345,19.8724668379159474795869755325838923454285,16.7872727302177828789808700093999505043030,16.7872727302177828789808700093999505043030,16.1519671316852466702584933955222368240356
32.30000,29.9418708686720940193026763154193758964539,19.9510764365749793114446219988167285919189,16.7896140634905961519507400225847959518433,16.7896140634905961519507400225847959518433,16.3137191782658810268458182690665125846863
32.40000,30.0297491426494218558218562975525856018066,20.0429164193440207952789933187887072563171,16.7986773390393935301290184725075960159302,16.7986773390393935301290184725075960159302,16.4753108839146555908428126713261008262634
32.50000,30.1176798246481531862173142144456505775452,20.1464400812130861595505848526954650878906,16.8137334077359419381991756381466984748840,16.8137334077359419381991756381466984748840,16.6366530903893554693695477908477187156677
32.60000,30.2056376261055099519126088125631213188171,20.2589008145927316206780233187600970268250,16.8334082046793689357855328125879168510437,16.8334082046793689357855328125879168510437,16.7977220313395037010195665061473846435547
32.70000,30.2935784676896560085879173129796981811523,20.3771883932143289541727426694706082344055,16.8560918569082822671134636038914322853088,16.8560918569082822671134636038914322853088,16.9585831470874239812474115751683712005615
32.80000,30.3814499077425352879799902439117431640625,20.4985025808381919887324329465627670288086,16.8802862067401981960301782237365841865540,16.8802862067401981960301782237365841865540,17.1193800751003308846520667430013418197632
32.90000,30.4692036742964162954194762278348207473755,20.6207054383452792478692572331055998802185,16.9048065509752980517532705562189221382141,16.9048065509752980517532705562189221382141,17.2802960106910958870685135480016469955444
33.00000,30.5568072334064169126577326096594333648682,20.7423806174630733778485591756179928779602,16.9288436928716485851964534958824515342712,16.9288436928716485851964534958824515342712,17.4415004651261966728270635940134525299072
33.10000,30.6442515870968357205583743052557110786438,20.8627295952396636380399286281317472457886,16.9519403766722298598779161693528294563293,16.9519403766722298598779161693528294563293,17.6031004289920396388424705946817994117737
33.20000,30.7315534316306084861025738064199686050415,20.9814299147646430299118947004899382591248,16.9739325299994625595445540966466069221497,16.9739325299994625595445540966466069221497,17.7651182863963228442116815131157636642456
33.30000,30.8187511881828299920016434043645858764648,21.0985141627875130154734506504610180854797,16.9948785201569734226723085157573223114014,16.9948785201569734226723085157573223114014,17.9275083106563961621304770233109593391418
33.40000,30.9058959066521872216526389820501208305359,21.2142648522860390869482216658070683479309,17.0149808176719083974148816196247935295105,17.0149808176719083974148816196247935295105,18.0901991235944095137710974086076021194458
33.50000,30.9930392782223123049334390088915824890137,21.3291015085014414864872378529980778694153,17.0345039103809838820779987145215272903442,17.0345039103809838820779987145215272903442,18.2531329659617860272646794328466057777405
33.60000,31.0802216738216685598672484047710895538330,21.4434626254004996326330001465976238250732,17.0537009342561844960073358379304409027100,17.0537009342561844960073358379304409027100,18.4162824307097992004855768755078315734863
33.70000,31.1674630892476187682404997758567333221436,21.5577177886636590642410737928003072738647,17.0727676466142277433846174972131848335266,17.0727676466142277433846174972131848335266,18.5796455846828258984260173747316002845764
33.80000,31.2547591361861520908860256895422935485840,21.6721372516084507253708579810336232185364,17.0918362103100278659439936745911836624146,17.0918362103100278659439936745911836624146,18.7432239671745435316552175208926200866699
33.90000,31.3420829597805621347106352914124727249146,21.7869021445917567803007841575890779495239,17.1109983661451430236866144696250557899475,17.1109983661451430236866144696250557899475,18.9069883720820328676381905097514390945435
34.00000,31.4293925032848839862253953469917178153992,21.9021170468791694929677760228514671325684,17.1303263686515627739481715252622961997986,17.1303263686515627739481715252622961997986,19.0708568128609314840105071198195219039917
34.10000,31.5166412403378473072734777815639972686768,22.0178108208485490138173190644010901451111,17.1498687353657430776365799829363822937012,17.1498687353657430776365799829363822937012,19.2347145904549101658176368800923228263855
34.20000,31.6037896717859148054685647366568446159363,22.1339405755706337686206097714602947235107,17.1696299318758356378111784579232335090637,17.1696299318758356378111784579232335090637,19.3984703836048772984668175922706723213196
34.30000,31.6908147308559264843097480479627847671509,22.2504160038412521771533647552132606506348,17.1895632802586213472295639803633093833923,17.1895632802586213472295639803633093833923,19.5621041741799359670039848424494266510010
34.40000,31.7777147861840418840984057169407606124878,22.3671473455667637608712539076805114746094,17.2095973572088105640887079061940312385559,17.2095973572088105640887079061940312385559,19.7256674173331845167922438122332096099854
34.50000,31.8645090368608308040165866259485483169556,22.4841099393594774369375954847782850265503,17.2296920388228222975612879963591694831848,17.2296920388228222975612879963591694831848,19.8892348985746636458316061180084943771362
34.60000,31.9512314852741994286589033436030149459839,22.6014167499543816575169330462813377380371,17.2499029139278192701567604672163724899292,17.2499029139278192701567604672163724899292,20.0528424073729389931486366549506783485413
34.70000,32.0379210133432863472080498468130826950073,22.7193925613622162984484020853415131568909,17.2704299526468361136721796356141567230225,17.2704299526468361136721796356141567230225,20.2164536694118304183120926609262824058533
34.80000,32.1246100505322615958903043065220117568970,22.8386420945096269008445233339443802833557,17.2916324490218862308665848104283213615417,17.2916324490218862308665848104283213615417,20.3799872469981160350016580196097493171692
34.90000,32.2113146744535541188270144630223512649536,22.9600831263564764128659589914605021476746,17.3139993518915851211659173713997006416321,17.3139993518915851211659173713997006416321,20.5433990970268638420748175121843814849854
35.00000,32.2980286431140513059290242381393909454346,23.0848726817381333376033580861985683441162,17.3380687010099272526986169395968317985535,17.3380687010099272526986169395968317985535,20.7067639228323301381351484451442956924438
35.10000,32.3847229091340906848017766606062650680542,23.2141498946089370747358771041035652160645,17.3642977931405937397357774898409843444824,17.3642977931405937397357774898409843444824,20.8702772174618402800660987850278615951538
35.20000,32.4713508466199982649413868784904479980469,23.3486258122935730341396265430375933647156,17.3929092482010929643365670926868915557861,17.3929092482010929643365670926868915557861,21.0341581625113889231215580366551876068115
35.30000,32.5578580549568954438655055128037929534912,23.4882184022124853584045922616496682167053,17.4237746455835207370910211466252803802490,17.4237746455835207370910211466252803802490,21.1985271660023428808017342817038297653198
35.40000,32.6441945205637296112399781122803688049316,23.6319957943794207722021383233368396759033,17.4564151238461207071850367356091737747192,17.4564151238461207071850367356091737747192,21.3633600672509054163583641638979315757751
35.50000,32.7303263723687862807310011703521013259888,23.7785506661917835913300223182886838912964,17.4901627404506001539630233310163021087646,17.4901627404506001539630233310163021087646,21.5285515576593660114212980261072516441345
35.60000,32.8162445801195232775171461980789899826050,23.9266631581605651035715709440410137176514,17.5244417025122913855739170685410499572754,17.5244417025122913855739170685410499572754,21.6940243332555056099408830050379037857056
35.70000,32.9019686790614827032186440192162990570068,24.0759088904036424594323761994019150733948,17.5590447948249064324954815674573183059692,17.5590447948249064324954815674573183059692,21.8597879798153122976600570837035775184631
35.80000,32.9875447770186482898679969366639852523804,24.2268732262674184596562554361298680305481,17.5942578339852175872692896518856287002563,17.5942578339852175872692896518856287002563,22.0259023353156315749856730690225958824158
35.90000,33.0730384265580141800455749034881591796875,24.3808409096172908903099596500396728515625,17.6307500634753608892424381338059902191162,17.6307500634753608892424381338059902191162,22.1923792092245832918706582859158515930176
36.00000,33.1585241067887608323871972970664501190186,24.5391181205512580731920024845749139785767,17.6692716995767575838272023247554898262024,17.6692716995767575838272023247554898262024,22.3590988281865072906384739326313138008118
36.10000,33.2440737768338081536967365536838769912720,24.7023496368155264235610957257449626922607,17.7103092788682481284467939985916018486023,17.7103092788682481284467939985916018486023,22.5258048559128418730779230827465653419495
36.20000,33.3297470633619141722192580346018075942993,24.8701976045205874754628894152119755744934,17.7538743164251968664757441729307174682617,17.7538743164251968664757441729307174682617,22.6921960350321079147306591039523482322693
36.30000,33.4155851064340438938415900338441133499146,25.0415336626297460043133469298481941223145,17.7995231616907929605986282695084810256958,17.7995231616907929605986282695084810256958,22.8580724456822004242440016241744160652161
36.40000,33.5016090498209706538546015508472919464111,25.2149848379243088913881365442648530006409,17.8465757911416282865957327885553240776062,17.8465757911416282865957327885553240776062,23.0234423054620229720512725180014967918396
36.50000,33.5878228897123634055787988472729921340942,25.3894795908261166061947733396664261817932,17.8943981439074306649672507774084806442261,17.8943981439074306649672507774084806442261,23.1885061927236222345527494326233863830566
36.60000,33.6742192157553716924667241983115673065186,25.5644992796678955926381604513153433799744,17.9425948632647269675999268656596541404724,17.9425948632647269675999268656596541404724,23.3535287688938097971913521178066730499268
36.70000,33.7607855943099224305115058086812496185303,25.7399797269761165807722136378288269042969,17.9910334713398434303144313162192702293396,17.9910334713398434303144313162192702293396,23.5186983786063521506548568140715360641479
36.80000,33.8475091593921675325873366091400384902954,25.9160296346758372010299353860318660736084,18.0397334935978825853908347198739647865295,18.0397334935978825853908347198739647865295,23.6840718068722395628356025554239749908447
36.90000,33.9343774446211057238542707636952400207520,26.0926945029685803945085353916510939598083,18.0887260056302352495549712330102920532227,18.0887260056302352495549712330102920532227,23.8496199363292156192528636893257498741150
37.00000,34.0213744983586749981441244017332792282104,26.2698959052731702001892699627205729484558,18.1379784984814342863046476850286126136780,18.1379784984814342863046476850286126136780,24.0153134066689730730104201938956975936890
37.10000,34.1084726268941125226774602197110652923584,26.4475176145451413844966737087815999984741,18.1874088997897480624033050844445824623108,18.1874088997897480624033050844445824623108,24.1811724418597542296538449591025710105896
37.20000,34.1956213851558530336660624016076326370239,26.6255063787812176201441616285592317581177,18.2369408407598747601241484517231583595276,18.2369408407598747601241484517231583595276,24.3472460824173246862756059272214770317078
37.30000,34.2827363650922407600774022284895181655884,26.8038701201298401599615317536517977714539,18.2865300244833974829816725105047225952148,18.2865300244833974829816725105047225952148,24.5135464362552859540755889611318707466125
37.40000,34.3696906879198991191515233367681503295898,26.9825669184397547439857589779421687126160,18.3361270799697280153850442729890346527100,18.3361270799697280153850442729890346527100,24.6800034464201978323671937687322497367859
37.50000,34.4563117997448102869384456425905227661133,27.1613792632873725096942507661879062652588,18.3856005304841900738210824783891439437866,18.3856005304841900738210824783891439437866,24.8464900020637990962768526514992117881775
37.60000,34.5423852734417025089896924328058958053589,27.3398658448555629263410082785412669181824,18.4346751281738292504996934439986944198608,18.4346751281738292504996934439986944198608,25.0129008619496033816176350228488445281982
37.70000,34.6276660417753276988150901161134243011475,27.5174034923908550354099133983254432678223,18.4829257176488646052803233033046126365662,18.4829257176488646052803233033046126365662,25.1792180988684606290917145088315010070801
37.80000,34.7118961124886595825955737382173538208008,27.6932760142456118046538904309272766113281,18.5298295692273455870235920883715152740479,18.5298295692273455870235920883715152740479,25.3455129882795873186296375934034585952759
37.90000,34.7948266330480961983084853272885084152222,27.8667769714877024966881435830146074295044,18.5748555281457186083571286872029304504395,18.5748555281457186083571286872029304504395,25.5118925482443650309960503363981842994690
38.00000,34.8762414062042864770774031057953834533691,28.0373305242224049038668454159051179885864,18.6175653295841705414659372763708233833313,18.6175653295841705414659372763708233833313,25.6784412712583467452986951684579253196716
38.10000,34.9559787303631992472219280898571014404297,28.2046437590248402216275280807167291641235,18.6577083322366163997685362119227647781372,18.6577083322366163997685362119227647781372,25.8452058249148102220260625472292304039001
38.20000,35.0339487606286681398159998934715986251831,28.3688664343557590541422541718930006027222,18.6952933096230502485468605300411581993103,18.6952933096230502485468605300411581993103,26.0122285757383266968645330052822828292847
38.30000,35.1101443663706476172592374496161937713623,28.5306815631432471036532660946249961853027,18.7306184812971174835638521471992135047913,18.7306184812971174835638521471992135047913,26.1795889669196633064984780503436923027039
38.40000,35.1846445334643576074995507951825857162476,28.6912395331366880668610974680632352828979,18.7642417086596537956211250275373458862305,18.7642417086596537956211250275373458862305,26.3474006492817416358320770086720585823059
38.50000,35.2576105134637529658903076779097318649292,28.8519084642563470310960838105529546737671,18.7968856928387211269182444084435701370239,18.7968856928387211269182444084435701370239,26.5157475920426612958635814720764756202698
38.60000,35.3292759349665956847275083418935537338257,29.0139135259685225776138395303860306739807,18.8292974959558421232941327616572380065918,18.8292974959558421232941327616572380065918,26.6845944690234304630394035484641790390015
38.70000,35.3999327643192742698374786414206027984619,29.1780098244290897468999901320785284042358,18.8621044684344951747334562242031097412109,18.8621044684344951747334562242031097412109,26.8537336518793736672705563250929117202759
38.80000,35.4699151960805636463192058727145195007324,29.3443277999002063438638288062065839767456,18.8957139777048510609347431454807519912720,18.8957139777048510609347431454807519912720,27.0228150405710678683135483879595994949341
38.90000,35.5395832316131077277532313019037246704102,29.5124530006989438390974100911989808082581,18.9302880645783062618647818453609943389893,18.9302880645783062618647818453609943389893,27.1914601031554425958347565028816461563110
39.00000,35.6093069558718369194139086175709962844849,29.6816997703792857521420955890789628028870,18.9657957761362681026184873189777135848999,18.9657957761362681026184873189777135848999,27.3594151739785935717463871696963906288147
39.10000,35.6794515592443914897557988297194242477417,29.8514574358184638924740283982828259468079,19.0021186623699627205041906563565135002136,19.0021186623699627205041906563565135002136,27.5266716703229299412214459152892231941223
39.20000,35.7503622653644015372265130281448364257812,30.0214582552871291909468709491193294525146,19.0391685529787366704113082960247993469238,19.0391685529787366704113082960247993469238,27.6934834146940538346370885847136378288269
39.30000,35.8223478147730318710273422766476869583130,30.1918525715911201245944539550691843032837,19.0769764683839753161009866744279861450195,19.0769764683839753161009866744279861450195,27.8602474495961978107061440823599696159363
39.40000,35.8956612311278604465769603848457336425781,30.3630665624825191173385974252596497535706,19.1157257128331927731323958141729235649109,19.1157257128331927731323958141729235649109,28.0272763679439975703644449822604656219482
39.50000,35.9704773151188135216216323897242546081543,30.5355209094083548393427918199449777603149,19.1557224690843881376167701091617345809937,19.1557224690843881376167701091617345809937,28.1945532863583920857308839913457632064819
39.60000,36.0468675365618551609259156975895166397095,30.7093434897669936844977200962603092193604,19.1973147373326398223980504553765058517456,19.1973147373326398223980504553765058517456,28.3615815516635692006275348830968141555786
39.70000,36.1247744360793490159267093986272811889648,30.8841905471623441314932279055938124656677,19.2407808674634104306733206612989306449890,19.2407808674634104306733206612989306449890,28.5274032483148758387869747821241617202759
39.80000,36.2039889422690492892797919921576976776123,31.0592314320892235457449714886024594306946,19.2862133074818231648350774776190519332886,19.2862133074818231648350774776190519332886,28.6907937593946265053546085255220532417297
39.90000,36.2841348313316913731796375941485166549683,31.2332880769169598522694286657497286796570,19.3334259709814340055800130357965826988220,19.3334259709814340055800130357965826988220,28.8505709662857903197163977893069386482239
