0.00000,2.0000179259115222762943631096277385950089,4.0000537777345668288830893288832157850266,2.0000358518230441084995163691928610205650,2.0000358518230441084995163691928610205650,2.0000000000000000000000000000000000000000
0.10000,2.0000060213424659671943572902819141745567,4.0000180640273974574938620207831263542175,2.0000120426849314902995047305012121796608,2.0000120426849314902995047305012121796608,2.0000000000000000000000000000000000000000
0.20000,2.0002536860342559066339163109660148620605,4.0007610581027668317233292327728122472763,2.0005073720685113691786227718694135546684,2.0005073720685113691786227718694135546684,2.0000000000000000000000000000000000000000
0.30000,2.0023968344936342589335254160687327384949,4.0071905034809036649789959483314305543900,2.0047936689872689619562606822000816464424,2.0047936689872689619562606822000816464424,2.0000000000000000000000000000000000000000
0.40000,2.0104878178644791653084666904760524630547,4.0314634535934370518361902213655412197113,2.0209756357289578865277235308894887566566,2.0209756357289578865277235308894887566566,2.0000000000000000000000000000000000000000
0.50000,2.0307933437092904327414544241037219762802,4.0923800311278712982243632723111659288406,2.0615866874185808654829088482074439525604,2.0615866874185808654829088482074439525604,2.0000000000000000000000000000000000000000
0.60000,2.0701555600886427654927501862403005361557,4.2104666802659291846566702588461339473724,2.1403111201772859750747102225432172417641,2.1403111201772859750747102225432172417641,2.0000000000000000000000000000000000000000
0.70000,2.1337755178490520613365788449300453066826,4.4013265535471566280989463848527520895004,2.2675510356981045667623675399227067828178,2.2675510356981045667623675399227067828178,2.0000000000000000000000000000000000000000
0.80000,2.2234761945411367634051202912814915180206,4.6704285836234094020369411737192422151566,2.4469523890822730827210307325003668665886,2.4469523890822730827210307325003668665886,2.0000000000000000000000000000000000000000
0.90000,2.3370925218503613152165598876308649778366,5.0112775655510839456496796628925949335098,2.6741850437007230745223296253243461251259,2.6741850437007230745223296253243461251259,2.0000000000000000000000000000000000000000
1.00000,2.4690295886102737732414880156284198164940,5.4070887658308208756352541968226432800293,2.9380591772205471023937661811942234635353,2.9380591772205471023937661811942234635353,2.0000000000000000000000000000000000000000
1.10000,2.6116017347008231297422753414139151573181,5.8348052041024685010484063241165131330490,3.2232034694016458153953408327652141451836,3.2232034694016458153953408327652141451836,2.0000000000000000000000000000000000000000
1.20000,2.7566341281598818468978606688324362039566,6.2699023844796384352662244054954499006271,3.5132682563197605851712523872265592217445,3.5132682563197605851712523872265592217445,2.0000000000000000000000000000000000000000
1.30000,2.8968968340394973814966306235874071717262,6.6906905021184632786912516166921705007553,3.7937936680789805521385460451710969209671,3.7937936680789805521385460451710969209671,2.0000000000000000000000000000000000000000
1.40000,3.0271178279866108873363828024594113230705,7.0813534839596972148001441382803022861481,4.0542356559731542731128683954011648893356,4.0542356559731542731128683954011648893356,1.9999999999999997779553950749686919152737
1.50000,3.1444881229300167824192158150253817439079,7.4334643687894139674199323053471744060516,4.2889762458597155969641789852175861597061,4.2889762458597155969641789852175861597061,1.9999999999999995559107901499373838305473
1.60000,3.2486848249803079724529197847004979848862,7.7460544749379174334080744301900267601013,4.4973696499591131470197069575078785419464,4.4973696499591131470197069575078785419464,1.9999999999999993338661852249060757458210
1.70000,3.3414953725601610479145620047347620129585,8.0244861176664628032995096873492002487183,4.6829907451133125917408506211359053850174,4.6829907451133125917408506211359053850174,1.9999999999999984456877655247808434069157
1.80000,3.4261519120406118688038077380042523145676,8.2784557360583228557970869587734341621399,4.8523038240494695827464965987019240856171,4.8523038240494695827464965987019240856171,1.9999999999999971134201359745929948985577
1.90000,3.5065041918106572005342513875802978873253,8.5195125751558862248202785849571228027344,5.0130083834832745992571290116757154464722,5.0130083834832745992571290116757154464722,1.9999999999999940047956670241546817123890
2.00000,3.5861801091972407284913515468360856175423,8.7585403264494452457711304305121302604675,5.1723602178233489823355739645194262266159,5.1723602178233489823355739645194262266159,1.9999999999999882316359389733406715095043
2.10000,3.6678906114123406290161710785469040274620,9.0036718297580957681702784611843526363373,5.3357812205852299669572857965249568223953,5.3357812205852299669572857965249568223953,1.9999999999999769073610877967439591884613
2.20000,3.7530093153985726317500848381314426660538,9.2590279295735449238691217033192515373230,5.5060186224860805381808859237935394048691,5.5060186224860805381808859237935394048691,1.9999999999999571453912494689575396478176
2.30000,3.8414921087859235093731058441335335373878,9.5244762679304173502714547794312238693237,5.6829841883582004058439451910089701414108,5.6829841883582004058439451910089701414108,1.9999999999999398259120653165155090391636
2.40000,3.9321170148175985659122488868888467550278,9.7963508496080304865927246282808482646942,5.8642339322127874368106859037652611732483,5.8642339322127874368106859037652611732483,2.0000000000000537347943918575765565037727
2.50000,4.0229504727879694669923082983586937189102,10.0688508007905177521479345159605145454407,6.0459006367886320987281578709371387958527,6.0459006367886320987281578709371387958527,2.0000000000012230216839270724449306726456
2.60000,4.1119064283529676018247300817165523767471,10.3357174221938645786167398910038173198700,6.2238119252688557381247846933547407388687,6.2238119252688557381247846933547407388687,2.0000000000091202601026907359482720494270
2.70000,4.1972649032909323807416512863710522651672,10.5917893596893222252219857182353734970093,6.3945271314625031777723052073270082473755,6.3945271314625031777723052073270082473755,2.0000000000552469181513970397645607590675
2.80000,4.2780471266753874459709550137631595134735,10.8341267558805327553272945806384086608887,6.5560869411281563756688228750135749578476,6.5560869411281563756688228750135749578476,2.0000000002996078940498136944370344281197
2.90000,4.3541890265239153734455612720921635627747,11.0625290763240080593732272973284125328064,6.7083590506811692222299825516529381275177,6.7083590506811692222299825516529381275177,2.0000000014855854324480333161773160099983
3.00000,4.4265009953091105643352420884184539318085,11.2794092222065422959076386177912354469299,6.8529551053749520050928367709275335073471,6.8529551053749520050928367709275335073471,2.0000000067657506264140465646050870418549
3.10000,4.4964426825748509131130958849098533391953,11.4891086675061799837749276775866746902466,6.9927756608787152714512558304704725742340,6.9927756608787152714512558304704725742340,2.0000000283236012421639316016808152198792
3.20000,4.5657743778417891888921076315455138683319,11.6968367061978000265298760496079921722412,7.1313054874919119541232248593587428331375,7.1313054874919119541232248593587428331375,2.0000001090557653071755339624360203742981
3.30000,4.6361682264281540710726403631269931793213,11.9074825160636752485743272700347006320953,7.2718251778792595274580889963544905185699,7.2718251778792595274580889963544905185699,2.0000003867333102647307896404527127742767
3.40000,4.7088680711295713976483057194855064153671,12.1245669066705890060120509588159620761871,7.4167168559465519450668580248020589351654,7.4167168559465519450668580248020589351654,2.0000012659070560694374307786347344517708
3.50000,4.7844721767593929584450052061583846807480,12.3495594805527701964820153079926967620850,7.5670139109317480219374374428298324346542,7.5670139109317480219374374428298324346542,2.0000038354486666669629357784288004040718
3.60000,4.8628801737653528647342682234011590480804,12.5816914155340580094843971892260015010834,7.7222804012188408506744963233359158039093,7.7222804012188408506744963233359158039093,2.0000107868617278406020432157674804329872
3.70000,4.9434031930369970453398309473413974046707,12.8182706857329247185361964511685073375702,7.8808228230361425659111773711629211902618,7.8808228230361425659111773711629211902618,2.0000282326976352997860431059962138533592
3.80000,5.0249971481898603187232765776570886373520,13.0553931396305316070538538042455911636353,8.0401606903711222429365079733543097972870,8.0401606903711222429365079733543097972870,2.0000689070781465517256947350688278675079
3.90000,5.1065542229261025042319488420616835355759,13.2888705666442632491452968679368495941162,8.1976338712165155442335162661038339138031,8.1976338712165155442335162661038339138031,2.0001570471373337767317934776656329631805
4.00000,5.1871814095347064110796964087057858705521,13.5151767877222184210950217675417661666870,8.3510118452256847376702353358268737792969,8.3510118452256847376702353358268737792969,2.0003345068055549127450376545311883091927
4.10000,5.2664055231202615559027435665484517812729,13.7322346452124559590401986497454345226288,8.4989870106159948193180753150954842567444,8.4989870106159948193180753150954842567444,2.0006661471007274322175817360403016209602
4.20000,5.3442658668851947822986403480172157287598,13.9399082939729552776952914427965879440308,8.6414667826851179199820762732997536659241,8.6414667826851179199820762732997536659241,2.0012405954879146641189890942769125103951
4.30000,5.4212825268420665736357477726414799690247,14.1401062429053983038329533883370459079742,8.7796137358399342076609173091128468513489,8.7796137358399342076609173091128468513489,2.0021612980675951298792369925649836659431
4.40000,5.4983151357443178497419467021245509386063,14.3364360963746957366993228788487613201141,8.9156134124927319817288662306964397430420,8.9156134124927319817288662306964397430420,2.0035244071335469584482780192047357559204
4.50000,5.5763497393461021189864368352573364973068,14.5333984866758854082036123145371675491333,9.0521810967919709156603857991285622119904,9.0521810967919709156603857991285622119904,2.0053860324380465840476972516626119613647
4.60000,5.6562660757734279926012277428526431322098,14.7351954770239981229451586841605603694916,9.1918654654348355137472026399336755275726,9.1918654654348355137472026399336755275726,2.0077306219277541998735614470206201076508
4.70000,5.7386404877347079178662170306779444217682,14.9443706335564296949769413913600146770477,9.3362761141994301539170919568277895450592,9.3362761141994301539170919568277895450592,2.0104588928922768609197646583197638392448
4.80000,5.8236292831526661473162675974890589714050,15.1606478001588342863215075340121984481812,9.4854339940483196613740801694802939891815,9.4854339940483196613740801694802939891815,2.0134090952148602227111950924154371023178
4.90000,5.9109559079639941714390261040534824132919,15.3803869446119687580676327343098819255829,9.6374680517850155325731975608505308628082,9.6374680517850155325731975608505308628082,2.0164067490059305320926341664744541049004
5.00000,5.9999988050705415076890858472324907779694,15.5969430692262527315961051499471068382263,9.7888120820812360989293665625154972076416,9.7888120820812360989293665625154972076416,2.0193177101343220414264578721486032009125
5.10000,6.0899528649434335747514523973222821950912,15.8019335261123003988359414506703615188599,9.9349034557419173552261781878769397735596,9.9349034557419173552261781878769397735596,2.0220794795718979308674079220509156584740
5.20000,6.1800220606998781391894226544536650180817,15.9871293210849696464492808445356786251068,10.0712198706803324199654525727964937686920,10.0712198706803324199654525727964937686920,2.0247116404241816134401688032085075974464
5.30000,6.2695969690543211783051447127945721149445,16.1464935537931282283352629747241735458374,10.1943856528278029571765728178434073925018,10.1943856528278029571765728178434073925018,2.0273192171918457127333113021450117230415
5.40000,6.3583777224951978368494565074797719717026,16.2778163972714260410157294245436787605286,10.3030598929120138507187220966443419456482,10.3030598929120138507187220966443419456482,2.0300743339425988409630008391104638576508
5.50000,6.4464176334701770443302848434541374444962,16.3834479605797795898070035036653280258179,10.3983570113115249000657058786600828170776,10.3983570113115249000657058786600828170776,2.0331515714269046135598273394862189888954
5.60000,6.5340815995058765253133969963528215885162,16.4698006855731051700786338187754154205322,10.4836225190132132922826713183894753456116,10.4836225190132132922826713183894753456116,2.0366372470525537785590586281614378094673
5.70000,6.6219326847110124845130485482513904571533,16.5455715697221208415612636599689722061157,10.5635167824291524851787471561692655086517,10.5635167824291524851787471561692655086517,2.0404706895748261352707686455687507987022
5.80000,6.7105762525383259031741545186378061771393,16.6190361232085166420802124775946140289307,10.6425744373310013912714566686190664768219,10.6425744373310013912714566686190664768219,2.0444635010848388745330339588690549135208
5.90000,6.8005001977178736183304863516241312026978,16.6952377659796233899669459788128733634949,10.7236716120862869416896501206792891025543,10.7236716120862869416896501206792891025543,2.0483947395249226808289222390158101916313
6.00000,6.8919497338080697446116573701146990060806,16.7741892269773380519382044440135359764099,10.8070081044866697084216866642236709594727,10.8070081044866697084216866642236709594727,2.0521227518120706001525377359939739108086
6.10000,6.9848655692830785568503415561281144618988,16.8509494293109156615173560567200183868408,10.8900903296381752483057425706647336483002,10.8900903296381752483057425706647336483002,2.0556343393176437217562124715186655521393
6.20000,7.0788976629319932953876559622585773468018,16.9175834574430332679639832349494099617004,10.9687394991449664871652203146368265151978,10.9687394991449664871652203146368265151978,2.0590021220850944771996182680595666170120
6.30000,7.1734877495826614435259216406848281621933,16.9660897986381051794069207971915602684021,11.0386412081024811726592815830372273921967,11.0386412081024811726592815830372273921967,2.0622951320158025012574398715514689683914
6.40000,7.2679976239804586768400440632831305265427,16.9910335514326717998301319312304258346558,11.0967601388135168605231228866614401340485,11.0967601388135168605231228866614401340485,2.0655108977860980878915597713785246014595
6.50000,7.3618506491677431213815907540265470743179,16.9909559908448422049787041032686829566956,11.1421221312899589861444837879389524459839,11.1421221312899589861444837879389524459839,2.0685623774326664658929075812920928001404
6.60000,7.4546527490556933059906441485509276390076,16.9682730235807781582479947246611118316650,11.1758102333679758544349169824272394180298,11.1758102333679758544349169824272394180298,2.0713053059005224199040640087332576513290
6.70000,7.5462656841836199816953012486919760704041,16.9279714070324978081316658062860369682312,11.2003343358011697716847265837714076042175,11.2003343358011697716847265837714076042175,2.0735684196137791346359335875604301691055
6.80000,7.6368176079549430212978222698438912630081,16.8757924115729878167257993482053279876709,11.2187237553149028457255553803406655788422,11.2187237553149028457255553803406655788422,2.0751625088981247024833010073052719235420
6.90000,7.7266508797894744020595680922269821166992,16.8166790502475294033501995727419853210449,11.2337237024238820737309652031399309635162,11.2337237024238820737309652031399309635162,2.0758825251892401020370471087517216801643
7.00000,7.8162216756231668313148475135676562786102,16.7540301510062903389552957378327846527100,11.2473546883154664755011253873817622661591,11.2473546883154664755011253873817622661591,2.0755424499985255515355220268247649073601
7.10000,7.9059769224617246763386901875492185354233,16.6898497016934825865064340177923440933228,11.2608912560111082967750917305238544940948,11.2608912560111082967750917305238544940948,2.0740441121329897811165210441686213016510
7.20000,7.9962388860511923738272344053257256746292,16.6254306872380688275825377786532044410706,11.2751331063020749922998220426961779594421,11.2751331063020749922998220426961779594421,2.0714033606851107727209182485239580273628
7.30000,8.0871250590541041702863367390818893909454,16.5619905103289148939893493661656975746155,11.2907129528059311240895112860016524791718,11.2907129528059311240895112860016524791718,2.0676896637711541515614044328685849905014
7.40000,8.1785214685875757822941523045301437377930,16.5007683276522598703195399139076471328735,11.3081528634621584217256895499303936958313,11.3081528634621584217256895499303936958313,2.0629840693155196973407328187022358179092
7.50000,8.2701137404754749837820781976915895938873,16.4424769624559026226506830425933003425598,11.3275694150662964432285662041977047920227,11.3275694150662964432285662041977047920227,2.0574518727987869404216780822025611996651
7.60000,8.3614659925936631879039850900880992412567,16.3865132655507963477248267736285924911499,11.3482720460679828988759254571050405502319,11.3482720460679828988759254571050405502319,2.0514351660084932937877510994439944624901
7.70000,8.4521265727534018452615782734937965869904,16.3306213923877550087127019651234149932861,11.3686666710521464551675308030098676681519,11.3686666710521464551675308030098676681519,2.0454146230368643877284284826600924134254
7.80000,8.5417343079233329916633010725490748882294,16.2714731388742706030825502239167690277100,11.3866822638826832303493574727326631546021,11.3866822638826832303493574727326631546021,2.0398429190322366899579265009379014372826
7.90000,8.6301000855695892965968596399761736392975,16.2059884521714394622904364950954914093018,11.4005507109883819083506750757806003093719,11.4005507109883819083506750757806003093719,2.0349871157642644980967361334478482604027
8.00000,8.7172454604816209666751092299818992614746,16.1326634255140248797033564187586307525635,11.4095104054743003985095128882676362991333,11.4095104054743003985095128882676362991333,2.0308880750470437170918103220174089074135
8.10000,8.8033906892350994866092150914482772350311,16.0521390170538928998666960978880524635315,11.4140538901911643421271946863271296024323,11.4140538901911643421271946863271296024323,2.0274219259066659226675710669951513409615
8.20000,8.8888966609385402506404716405086219310760,15.9667284456961748873027318040840327739716,11.4156208552919640197842454654164612293243,11.4156208552919640197842454654164612293243,2.0243833960507857661070829635718837380409
8.30000,8.9741759476704299203220216440968215465546,15.8792628378220470608539471868425607681274,11.4159281413305588870343854068778455257416,11.4159281413305588870343854068778455257416,2.0215825028313600952856177173089236021042
8.40000,9.0595951915911143714765785261988639831543,15.7919599331865221358839335152879357337952,11.4162796772019135005393764004111289978027,11.4162796772019135005393764004111289978027,2.0189957703738086181033395405393093824387
8.50000,9.1453925762175032332379487343132495880127,15.7058771681036333234260382596403360366821,11.4171892419053015998997580027207732200623,11.4171892419053015998997580027207732200623,2.0168912605105355773105202388251200318336
8.60000,9.2316297885624312158370230463333427906036,15.6211197411494566722467425279319286346436,11.4184751126895953632356395246461033821106,11.4184751126895953632356395246461033821106,2.0157993043326984938801160751609131693840
8.70000,9.3181888212361343448719708248972892761230,15.5375280688924117811211544903926551342010,11.4196910711498151869136563618667423725128,11.4196910711498151869136563618667423725128,2.0163347478289135317197633412433788180351
8.80000,9.4048126447662632187984854681417346000671,15.4552766740244535981219087261706590652466,11.4205364730474521195446868659928441047668,11.4205364730474521195446868659928441047668,2.0190163726958139100986500125145539641380
8.90000,9.4911781958296295158561406424269080162048,15.3749302235107592196072801016271114349365,11.4209540869168044707748777000233530998230,11.4209540869168044707748777000233530998230,2.0242002455067784616460357938194647431374
9.00000,9.5769828825210101541642870870418846607208,15.2969629600766161559022293658927083015442,11.4209284017121994736498891143128275871277,11.4209284017121994736498891143128275871277,2.0320890391732286950343677744967862963676
9.10000,9.6620234273327962881694475072436034679413,15.2211739272305113246375185553915798664093,11.4202522110945423605699033942073583602905,11.4202522110945423605699033942073583602905,2.0426929323742233357563691242830827832222
9.20000,9.7462485608950792936866491800174117088318,15.1464788389536089141529373591765761375427,11.4185291343074322156780908699147403240204,11.4185291343074322156780908699147403240204,2.0556691312338228883049850992392748594284
9.30000,9.8297739080297361624616314657032489776611,15.0712284827920424135072607896290719509125,11.4154595737549318101855533313937485218048,11.4154595737549318101855533313937485218048,2.0700832433119162878654151427326723933220
9.40000,9.9128566538947708863815933000296354293823,14.9938018780259341156124719418585300445557,11.4112136330791056337830013944767415523529,11.4112136330791056337830013944767415523529,2.0842312657624959548741117032477632164955
9.50000,9.9958371234521532500139073817990720272064,14.9130659505890186267151875654235482215881,11.4066131812748690066428025602363049983978,11.4066131812748690066428025602363049983978,2.0956767114914325311758602765621617436409
9.60000,10.0790620969655773109252550057135522365570,14.8284462405998347378499602200463414192200,11.4029642553572028162989226984791457653046,11.4029642553572028162989226984791457653046,2.1015798268510068602665796788642182946205
9.70000,10.1628087256446661967856925912201404571533,14.7396596521096263643357815453782677650452,11.4015953402447145492715208092704415321350,11.4015953402447145492715208092704415321350,2.0992776972648630184892226679949089884758
9.80000,10.2472273160953601944811452995054423809052,14.6464103167847508046861548791639506816864,11.4033408104591753584600155591033399105072,11.4033408104591753584600155591033399105072,2.0869560119617585058904296602122485637665
9.90000,10.3323161790146134109136255574412643909454,14.5483651281901700258458731696009635925293,11.4082642780231271473212473210878670215607,11.4082642780231271473212473210878670215607,2.0641527511585300302954237849917262792587
10.00000,10.4179335359554965378947599674575030803680,14.4454856202610049109580359072424471378326,11.4157757372609864887635922059416770935059,11.4157757372609864887635922059416770935059,2.0318676816945293595040311629418283700943
10.10000,10.5038423230475839176278896047733724117279,14.3385383063036702111503473133780062198639,11.4250224094559822418659678078256547451019,11.4250224094559822418659678078256547451019,1.9923358104392900891355111525626853108406
10.20000,10.5897759638889219502289051888510584831238,14.2295104587616414448802970582619309425354,11.4352509248782112649678310845047235488892,11.4352509248782112649678310845047235488892,1.9487845728941406431289351530722342431545
10.30000,10.6755086361102904390918411081656813621521,14.1215339113851658936482635908760130405426,11.4459152292089605396085971733555197715759,11.4459152292089605396085971733555197715759,1.9052120890775356976121202023932710289955
10.40000,10.7609131150359758066770154982805252075195,14.0180465275448877804365110932849347591400,11.4565496656756984350522543536499142646790,11.4565496656756984350522543536499142646790,1.8658603112294649406521784840151667594910
10.50000,10.8459928008164450119465982425026595592499,13.9216183953987258092865886283107101917267,11.4666081042686371915806375909596681594849,11.4666081042686371915806375909596681594849,1.8343949876778968821611215389566496014595
10.60000,10.9308810269470413345516135450452566146851,13.8332892226082329045766527997329831123352,11.4754555809712392999699659412726759910583,11.4754555809712392999699659412726759910583,1.8132590876127965273667541623581200838089
10.70000,11.0158086518535824893660901580005884170532,13.7528429849730127187967809732072055339813,11.4825365707350215416227001696825027465820,11.4825365707350215416227001696825027465820,1.8035784953565525690066806419054046273232
10.80000,11.1010484448911430632733754464425146579742,13.6796830019194164407281277817673981189728,11.4875813970270304054110965807922184467316,11.4875813970270304054110965807922184467316,1.8055686527564991372685199166880920529366
10.90000,11.1868501646571036900468243402428925037384,13.6136108398954416287551794084720313549042,11.4906684370202416545225787558592855930328,11.4906684370202416545225787558592855930328,1.8191241305120622318014511620276607573032
11.00000,11.2733822045172580317284882767125964164734,13.5550629421087016623914678348228335380554,11.4920536727127906573286963975988328456879,11.4920536727127906573286963975988328456879,1.8443378012003777133287485412438400089741
11.10000,11.3606937563639718291597091592848300933838,13.5048510802606234193490308825857937335968,11.4918486533350847622614310239441692829132,11.4918486533350847622614310239441692829132,1.8818475299544252798966681439196690917015
11.20000,11.4487061214937391184776060981675982475281,13.4637265311168476955572259612381458282471,11.4897631227695189437554290634579956531525,11.4897631227695189437554290634579956531525,1.9329064070715518131038379578967578709126
11.30000,11.5372344798019241807196522131562232971191,13.4320491768276983890473275096155703067780,11.4851139638284358568398602074012160301208,11.4851139638284358568398602074012160301208,1.9990557289727497458642346828128211200237
11.40000,11.6260340173476475200686763855628669261932,13.4096336422042430314149896730668842792511,11.4771210357841066951323227840475738048553,11.4771210357841066951323227840475738048553,2.0814255879836762730406007904093712568283
11.50000,11.7148586494855990736141393426805734634399,13.3956623145919397899206160218454897403717,11.4653030758966991697889170609414577484131,11.4653030758966991697889170609414577484131,2.1799148122841414121353409427683800458908
11.60000,11.8035179485287677891847124556079506874084,13.3885623918072749205521176918409764766693,11.4497324746834454600730168749578297138214,11.4497324746834454600730168749578297138214,2.2926153909691486809663274470949545502663
11.70000,11.8919187565739274958787063951604068279266,13.3859109927703325837455849978141486644745,11.4310395220177678510253826971165835857391,11.4310395220177678510253826971165835857391,2.4157507053087239334843161486787721514702
11.80000,11.9800819716352719979113317094743251800537,13.3845743178387461824740967131219804286957,11.4102406241467289049751343554817140102386,11.4102406241467289049751343554817140102386,2.5441750411805599263459498615702614188194
11.90000,12.0681311135093132236306701088324189186096,13.3812256997894856169750710250809788703918,11.3885503982470819295258479542098939418793,11.3885503982470819295258479542098939418793,2.6722560168046336492864156753057613968849
12.00000,12.1562560656837241879202338168397545814514,13.3731688582218790628530769026838243007660,11.3672827813525323392696009250357747077942,11.3672827813525323392696009250357747077942,2.7948593612005367958772694692015647888184
12.10000,12.2446612783760215847905783448368310928345,13.3591786392428808483145985519513487815857,11.3478212163122940125958848511800169944763,11.3478212163122940125958848511800169944763,2.9081974849943139638241973443655297160149
12.20000,12.3335113139313232721860913443379104137421,13.3399514121600706317849471815861761569977,11.3315475928967579477557592326775193214417,11.3315475928967579477557592326775193214417,3.0103675402978788966379397606942802667618
12.30000,12.4228870402413917872763704508543014526367,13.3178417423097776861595775699242949485779,11.3196294397520347274621599353849887847900,11.3196294397520347274621599353849887847900,3.1014699030470986862439985998207703232765
12.40000,12.5127629273855465186215951689518988132477,13.2959173194460227307445165934041142463684,11.3126748189677801548214119975455105304718,11.3126748189677801548214119975455105304718,3.1833306088960093838124976173276081681252
12.50000,12.6030105233188951530109989107586443424225,13.2767887645641557980979996500536799430847,11.3104044301224142543560446938499808311462,11.3104044301224142543560446938499808311462,3.2589904276382206660400697728618979454041
12.60000,12.6934266817654020087502431124448776245117,13.2617993943141314616696035955101251602173,11.3115415515342156993483513360843062400818,11.3115415515342156993483513360843062400818,3.3321429730111020717231440357863903045654
12.70000,12.7837791495873727143361975322477519512177,13.2508587493672305157588198198936879634857,11.3140132178264387619037734111770987510681,11.3140132178264387619037734111770987510681,3.4066114633017243740198409795993939042091
12.80000,12.8738581385760948450069918180815875530243,13.2427463840851800114251091144979000091553,11.3153657206859694639433655538596212863922,11.3153657206859694639433655538596212863922,3.4858730812893368167237895249854773283005
12.90000,12.9635213814549761224270696402527391910553,13.2354957181745476191281341016292572021484,11.3131870962297895744086417835205793380737,11.3131870962297895744086417835205793380737,3.5726429071699437045595004747156053781509
13.00000,13.0527220481584684819154063006862998008728,13.2266164227680462772696046158671379089355,11.3053806491944719425646326271817088127136,11.3053806491944719425646326271817088127136,3.6685771725375699858773259620647877454758
13.10000,13.1415132312537910053151790634728968143463,13.2132062737255466799979330971837043762207,11.2902749888457734073199389968067407608032,11.2902749888457734073199389968067407608032,3.7741695272877904265840243169805034995079
13.20000,13.2300284338712419440753365051932632923126,13.1921529280622937818634454743005335330963,11.2666582133467692017347872024402022361755,11.2666582133467692017347872024402022361755,3.8888649352399986547368371248012408614159
13.30000,13.3184432605975260344166599679738283157349,13.1605491506256271350139286369085311889648,11.2338224190695630255731884972192347049713,11.2338224190695630255731884972192347049713,4.0113475730840288946410510106943547725677
13.40000,13.4069279626690143203404659288935363292694,13.1162615084688312094840512145310640335083,11.1916298976403485454511610441841185092926,11.1916298976403485454511610441841185092926,4.1399296758571484389221950550563633441925
13.50000,13.4956025531019978558333605178631842136383,13.0584524641226753516320968628861010074615,11.1405395102870308221554296324029564857483,11.1405395102870308221554296324029564857483,4.2729759966506124513330178160686045885086
13.60000,13.5845053785669112045297879376448690891266,12.9878157497166721867642991128377616405487,11.0815195329587226069634198211133480072021,11.0815195329587226069634198211133480072021,4.4092820623661364010104080080054700374603
13.70000,13.6735825344147094995150837348774075508118,12.9063587890685109726973678334616124629974,11.0158346842237886420434733736328780651093,11.0158346842237886420434733736328780651093,4.5482719550356414117686654208227992057800
13.80000,13.7627002531484148306617498747073113918304,12.8167881325511014978246748796664178371429,10.9447905445317701378371566534042358398438,10.9447905445317701378371566534042358398438,4.6899072966359760528121114475652575492859
13.90000,13.8516767446074204883643687935546040534973,12.7218211075123726061519846552982926368713,10.8695687505585585341805199277587234973907,10.8695687505585585341805199277587234973907,4.8343603510026769143337332934606820344925
14.00000,13.9403253354602121305561013286933302879333,12.6237896574455934484149111085571348667145,10.7912330440683366106213725288398563861847,10.7912330440683366106213725288398563861847,4.9816489047691332459066870796959847211838
14.10000,14.0284982397389565988987669697962701320648,12.5246323762181415162331177270971238613129,10.7108596420004804627978955977596342563629,10.7108596420004804627978955977596342563629,5.1314113319561371895360935013741254806519
14.20000,14.1161204096353856130008352920413017272949,12.4260595183740871760846857796423137187958,10.6296484970618010379439510870724916458130,10.6296484970618010379439510870724916458130,5.2828829338858716013760385976638644933701
14.30000,14.2032055395089891192128561669960618019104,12.3296208041697710200423898641020059585571,10.5488865096612354221861096448265016078949,10.5488865096612354221861096448265016078949,5.4350533243562901830614464415702968835831
14.40000,14.2898507367663611944408330600708723068237,12.2365843452563591853277102927677333354950,10.4697458390404740669055172475054860115051,10.4697458390404740669055172475054860115051,5.5869434039417722459575088578276336193085
14.50000,14.3762115586624332763676648028194904327393,12.1477214776066730905768054071813821792603,10.3930207119161472917312494246289134025574,10.3930207119161472917312494246289134025574,5.7378916124368126716603910608682781457901
14.60000,14.4624638188467482535770614049397408962250,12.0631490511346193272856908151879906654358,10.3189504619075034241859611938707530498505,10.3189504619075034241859611938707530498505,5.8877119461663598443124101322609931230545
14.70000,14.5487616724843586979432075168006122112274,11.9823345133585998922853832482360303401947,10.2472258365062618423735329997725784778595,10.2472258365062618423735329997725784778595,6.0366445128304340173031050653662532567978
14.80000,14.6352022428021797395558678545057773590088,11.9042988648731160594707034761086106300354,10.1771746205416775410412810742855072021484,10.1771746205416775410412810742855072021484,6.1851518665919424933008485822938382625580
14.90000,14.7218052773827192680755615583620965480804,11.8279822279115638394841880653984844684601,10.1080377202021196580972173251211643218994,10.1080377202021196580972173251211643218994,6.3337120648900446795437346736434847116470
15.00000,14.8085124860635488630578038282692432403564,11.7526638315130380618711569695733487606049,10.0392254030845524681581082404591143131256,10.0392254030845524681581082404591143131256,6.4827255114074837649695837171748280525208
15.10000,14.8952063094218534189394631539471447467804,11.6783004944706583216884610010311007499695,9.9704900223041104112553512095473706722260,9.9704900223041104112553512095473706722260,6.6325267592842891417603823356330394744873
15.20000,14.9817431440884991644679757882840931415558,11.6057223423300222009402205003425478935242,9.9020190441676909642865211935713887214661,9.9020190441676909642865211935713887214661,6.7834273980831412131919933017343282699585
15.30000,15.0679926620180690832739855977706611156464,11.5367174564186587559788677026517689228058,9.8344769358022130489871415193192660808563,9.8344769358022130489871415193192660808563,6.9357562468323008531001505616586655378342
15.40000,15.1538735747258783703728113323450088500977,11.4739901764492504554482366074807941913605,9.7689928055761843239679365069605410099030,9.7689928055761843239679365069605410099030,7.0898781400227592897067552257794886827469
15.50000,15.2393772389150008450542372884228825569153,11.4208642919324407927206266322173178195953,9.7070505936030624383192844106815755367279,9.7070505936030624383192844106815755367279,7.2461403436413167611362950992770493030548
15.60000,15.3245735566225835810882927034981548786163,11.3806415376301011121995543362572789192200,9.6502429817889048280221686582081019878387,9.6502429817889048280221686582081019878387,7.4047291306748750372435097233392298221588
15.70000,15.4095979289058977457216315087862312793732,11.3557281744787399446749986964277923107147,9.5999081010331597241247436613775789737701,9.5999081010331597241247436613775789737701,7.5655099013183182421471428824588656425476
15.80000,15.4946225507355315187396627152338624000549,11.3468773291494660071521138888783752918243,9.5567476000095723520644241943955421447754,9.5567476000095723520644241943955421447754,7.7280046798658510454060888150706887245178
15.90000,15.5798190138454391018285605241544544696808,11.3529432585224849816540881874971091747284,9.5205803225874259254624121240340173244476,9.5205803225874259254624121240340173244476,7.8916016271930740089146638638339936733246
16.00000,15.6653211329311403687825077213346958160400,11.3712996922061186921837361296638846397400,9.4903744815552748548270756145939230918884,9.4903744815552748548270756145939230918884,8.0558718620267093513120926218107342720032
16.10000,15.7511966582811222536975037655793130397797,11.3987521217260070471866129082627594470978,9.4645981264107756913972480106167495250702,9.4645981264107756913972480106167495250702,8.2207525271855779180896206526085734367371
16.20000,15.8374341634681634616299561457708477973938,11.4325764927805426651730158482678234577179,9.4417759373297869274210825096815824508667,9.4417759373297869274210825096815824508667,8.3864587815891304956039675744250416755676
16.30000,15.9239475252384696801755126216448843479156,11.4713283450316918532507770578376948833466,9.4210517117062941849781054770573973655701,9.4210517117062941849781054770573973655701,8.5531724468575749398269181256182491779327
16.40000,16.0105960508502107586537022143602371215820,11.5152217622645896000221910071559250354767,9.4025802405326341926183886243961751461029,9.4025802405326341926183886243961751461029,8.7206573320495319734391159727238118648529
16.50000,16.0972145638360082386952853994444012641907,11.5661669159914115567744374857284128665924,9.3876385510309283688457071548327803611755,9.3876385510309283688457071548327803611755,8.8881043777655630577783085755072534084320
16.60000,16.1836455422602973897028277860954403877258,11.6276009636411892245178023586049675941467,9.3783951115360029149314868845976889133453,9.3783951115360029149314868845976889133453,9.0544562828294807843576563755050301551819
16.70000,16.2697652035261590697245992487296462059021,11.7038521602333549509467047755606472492218,9.3773378001098279810321400873363018035889,9.3773378001098279810321400873363018035889,9.2189417635398562822501844493672251701355
16.80000,16.3554972256257578067106805974617600440979,11.7988219031393857250122891855426132678986,9.3864828428565800777505501173436641693115,9.3864828428565800777505501173436641693115,9.3813534430519833762218695483170449733734
16.90000,16.4408110956818589443173550534993410110474,11.9143927451953537399731430923566222190857,9.4066342385481522825330102932639420032501,9.4066342385481522825330102932639420032501,9.5419353637809116719381563598290085792542
17.00000,16.5257060596282912001697695814073085784912,12.0494093719780615003855928080156445503235,9.4370195194842434460724689415656030178070,9.4370195194842434460724689415656030178070,9.7010763926378675847672639065422117710114
17.10000,16.6101853503330225692025123862549662590027,12.1999029783235233281857290421612560749054,9.4754966216306346638020841055549681186676,9.4754966216306346638020841055549681186676,9.8590950853952765697840732173062860965729
17.20000,16.6942279116396399274435680126771330833435,12.3605216517434595147051368257962167263031,9.5192520421099686700472375378012657165527,9.5192520421099686700472375378012657165527,10.0162454791631621020542297628708183765411
17.30000,16.7777656106610564279435493517667055130005,12.5263938765520315143930929480120539665222,9.5656611441530188244541932363063097000122,9.5656611441530188244541932363063097000122,10.1728371989070502934282558271661400794983
17.40000,16.8606727661496442749466950772330164909363,12.6944470971932172886909029330126941204071,9.6129098940913628723592410096898674964905,9.6129098940913628723592410096898674964905,10.3293000751601393716327947913669049739838
17.50000,16.9427720131642871592703158967196941375732,12.8635950481300884717938970425166189670563,9.6601169560072932540606416296213865280151,9.6601169560072932540606416296213865280151,10.4861331492797908992997690802440047264099
17.60000,17.0238567564636973372671491233631968498230,13.0338751663231082744687228114344179630280,9.7069663550009988028932639281265437602997,9.7069663550009988028932639281265437602997,10.6437992127848062295925046782940626144409
17.70000,17.1037266200166477858601865591481328010559,13.2051595330393460869800037471577525138855,9.7531198656827235993205249542370438575745,9.7531198656827235993205249542370438575745,10.8026464216905484505559797980822622776031
17.80000,17.1822292350865275523119635181501507759094,13.3762142346977892515269559225998818874359,9.7977780442500499447078254888765513896942,9.7977780442500499447078254888765513896942,10.9628873812842186907801078632473945617676
17.90000,17.2593000653454460291413852246478199958801,13.5446128330142521178913739277049899101257,9.8396409333803340757640398805961012840271,9.8396409333803340757640398805961012840271,11.1246310315990282191478399909101426601410
18.00000,17.3349920592046693457177752861753106117249,13.7075010600707152264021715382114052772522,9.8772694531929179362350623705424368381500,9.8772694531929179362350623705424368381500,11.2879542128895504760066614835523068904877
18.10000,17.4094887102292084080090717179700732231140,13.8627350323007423327226206311024725437164,9.9096302935086253427243718761019408702850,9.9096302935086253427243718761019408702850,11.4529631555126982789261091966181993484497
18.20000,17.4830972370292201389929687138646841049194,14.0097490142814109503888175822794437408447,9.9365350776544545396973262540996074676514,9.9365350776544545396973262540996074676514,11.6197760960017237863439731881953775882721
18.30000,17.5562224385324228137505997437983751296997,14.1497322458647651899354968918487429618835,9.9587648380192241859276691684499382972717,9.9587648380192241859276691684499382972717,11.7884250083587396318307582987472414970398
18.40000,17.6293255271472730782988946884870529174805,14.2850883805649662150472067878581583499908,9.9778362509966171955966274254024028778076,9.9778362509966171955966274254024028778076,11.9587414057190049021528466255404055118561
18.50000,17.7028750237368761588641064008697867393494,14.4184909453589558125941039179451763629913,9.9955322638661296963391578174196183681488,9.9955322638661296963391578174196183681488,12.1303014413635725787798946839757263660431
18.60000,17.7772978903255776117475761566311120986938,14.5520266269315889928748219972476363182068,10.0134157459506099030477344058454036712646,10.0134157459506099030477344058454036712646,12.3024930253559467985269293421879410743713
18.70000,17.8529381343089426081860437989234924316406,14.6867880671694557292994431918486952781677,10.0325305512210949387963410117663443088531,10.0325305512210949387963410117663443088531,12.4746650990362102362496443674899637699127
18.80000,17.9300273608743339082138845697045326232910,14.8230069000029498482717826846055686473846,10.0533823736790566272247815504670143127441,10.0533823736790566272247815504670143127441,12.6462695135191705020361041533760726451874
18.90000,18.0086679836314722535917098866775631904602,14.9605497610059963164985674666240811347961,10.0761477031216415412018250208348035812378,10.0761477031216415412018250208348035812378,12.8169223383941854876866273116320371627808
19.00000,18.0888262180125778399997216183692216873169,15.0994462882454598684489610604941844940186,10.1009577845514133542792478692717850208282,10.1009577845514133542792478692717850208282,12.9863569371552092235333475400693714618683
19.10000,18.1703297745757410552869259845465421676636,15.2401815510070974823975120671093463897705,10.1280832555113455839546077186241745948792,10.1280832555113455839546077186241745948792,13.1543448145601455934183832141570746898651
19.20000,18.2528651204500462768010038416832685470581,15.3836476138876037111913319677114486694336,10.1579040666722555386058957083150744438171,10.1579040666722555386058957083150744438171,13.3207046009931406871373837930150330066681
19.30000,18.3359713538891213602255447767674922943115,15.5307794691970535438940714811906218528748,10.1906679588854380824614054290577769279480,10.1906679588854380824614054290577769279480,13.4854149053153005155536448000930249691010
19.40000,18.4190314420767506931042589712888002395630,15.6820224778072496718550610239617526531219,10.2261697821860142454397646361030638217926,10.2261697821860142454397646361030638217926,13.6487143555119700977229513227939605712891
19.50000,18.5012655675271489030819793697446584701538,15.8368930741848537024907273007556796073914,10.2635436218776838757094083121046423912048,10.2635436218776838757094083121046423912048,13.8110713979566348541538900462910532951355
19.60000,18.5817342526581512629491044208407402038574,15.9938923835998636491240176837891340255737,10.3013010370098818668793683173134922981262,10.3013010370098818668793683173134922981262,13.9730245622382529546712248702533543109894
19.70000,18.6593597548112661854702309938147664070129,16.1508625317745249105882976436987519264221,10.3376151612431854687201848719269037246704,10.3376151612431854687201848719269037246704,14.1349919640994237113318376941606402397156
19.80000,18.7329725499050070425255398731678724288940,16.3056304588668403710016718832775950431824,10.3707331261416086931603786069899797439575,10.3707331261416086931603786069899797439575,14.2971367564886300272064545424655079841614
19.90000,18.8013858370566104838417231803759932518005,16.4566399096190956186092080315575003623962,10.3993485943036585439358532312326133251190,10.3993485943036585439358532312326133251190,14.4593285580683872382223853492178022861481
20.00000,18.8634956721448006078389880713075399398804,16.6032510289653316704061580821871757507324,10.4227840217686207324732095003128051757812,10.4227840217686207324732095003128051757812,14.6211786575728890369418877526186406612396
20.10000,18.9183985456513816814094752771779894828796,16.7454899975862403493920282926410436630249,10.4409122876593620787843974540010094642639,10.4409122876593620787843974540010094642639,14.7820639679189014259463874623179435729980
20.20000,18.9655128953938394431588676525279879570007,16.8833438262825019648971647256985306739807,10.4538738672250559602616704069077968597412,10.4538738672250559602616704069077968597412,14.9411089872262294875326915644109249114990
20.30000,19.0046870078245468960176367545500397682190,17.0159664642575307880179025232791900634766,10.4617603255355788860470056533813476562500,10.4617603255355788860470056533813476562500,15.0971328210109199119415279710665345191956
20.40000,19.0362737673222781609183584805577993392944,17.1412329784863075587963976431638002395630,10.4644537736597147414840947021730244159698,10.4644537736597147414840947021730244159698,15.2485991984891526840328879188746213912964
20.50000,19.0611535424877729383297264575958251953125,17.2559012977674939293137867935001850128174,10.4617137050398412156937411054968833923340,10.4617137050398412156937411054968833923340,15.3936274301755862126128704403527081012726
20.60000,19.0806909626940885971180250635370612144470,17.3563668488423807900744577636942267417908,10.4534629568429107138172184932045638561249,10.4534629568429107138172184932045638561249,15.5301318978506515122717246413230895996094
20.70000,19.0966200665039309569692704826593399047852,17.4397518248537757301619421923533082008362,10.4401297810678066468881297623738646507263,10.4401297810678066468881297623738646507263,15.6561123292220933933549531502649188041687
20.80000,19.1108652335365327701310889096930623054504,17.5049180885089583625813247635960578918457,10.4228767305715894764261975069530308246613,10.4228767305715894764261975069530308246613,15.7700298609023121798600186593830585479736
20.90000,19.1253209269010575610536761814728379249573,17.5530220595310524345222802367061376571655,10.4035780765758527621756002190522849559784,10.4035780765758527621756002190522849559784,15.8711868332804062475815953803248703479767
21.00000,19.1416279368058042109623784199357032775879,17.5874022699364758182127843610942363739014,10.3844954181038602314401941839605569839478,10.3844954181038602314401941839605569839478,15.9600393705345542372242562123574316501617
21.10000,19.1609919293353847535854583838954567909241,17.6128304130822748163609503535553812980652,10.3677421425462661375149764353409409523010,10.3677421425462661375149764353409409523010,16.0383380573251272949164558667689561843872
21.20000,19.1840859113334545327234081923961639404297,17.6343164152969826830030797282233834266663,10.3547638963012769153237968566827476024628,10.3547638963012769153237968566827476024628,16.1088745340278833850788942072540521621704
21.30000,19.2110591991425607716337253805249929428101,17.6557842237322581979697133647277951240540,10.3460872350719927936779640731401741504669,10.3460872350719927936779640731401741504669,16.1746689527308369349611893994733691215515
21.40000,19.2416454992260774758960906183347105979919,17.6791149946125045744338422082364559173584,10.3414524377851098080327574280090630054474,10.3414524377851098080327574280090630054474,16.2378556182683624342644179705530405044556
21.50000,19.2753321029418103194075229112058877944946,17.7039953423409812671707186382263898849487,10.3402351007105863800461520440876483917236,10.3402351007105863800461520440876483917236,16.2988572438616188264859374612569808959961
21.60000,19.3115334463642085438550566323101520538330,17.7285689895361286971819936297833919525146,10.3419133289423239574489343794994056224823,10.3419133289423239574489343794994056224823,16.3562757780156893261391815030947327613831
21.70000,19.3497136855950309097806893987581133842468,17.7504051617030569332200684584677219390869,10.3463273077367556851413610274903476238251,10.3463273077367556851413610274903476238251,16.4074642318245800254317146027460694313049
21.80000,19.3894244646167592804886226076632738113403,17.7671629072702117468907090369611978530884,10.3536002983196073756744226557202637195587,10.3536002983196073756744226557202637195587,16.4493867752477562760304863331839442253113
21.90000,19.4302576765525358837294334080070257186890,17.7766411642524140290788636775687336921692,10.3637857178033314653475827071815729141235,10.3637857178033314653475827071815729141235,16.4793274051982869821131316712126135826111
22.00000,19.4717463651227369325624749762937426567078,17.7765228153850749492903560167178511619568,10.3764756150081929320094786817207932472229,10.3764756150081929320094786817207932472229,16.4953179504914295705475524300709366798401
22.10000,19.5132678980555667180851742159575223922729,17.7645642572838333705931290751323103904724,10.3906475303739966875582467764616012573242,10.3906475303739966875582467764616012573242,16.4965370945914102662754885386675596237183
22.20000,19.5540044748441736999211570946499705314636,17.7394740019485581683511554729193449020386,10.4048960722630869923932550591416656970978,10.4048960722630869923932550591416656970978,16.4836863322665578834858024492859840393066
22.30000,19.5929963541429295048601488815620541572571,17.7019331880758485908700095023959875106812,10.4179586014435017204959876835346221923828,10.4179586014435017204959876835346221923828,16.4590123393317746547381830168887972831726
22.40000,19.6292898709325669415193260647356510162354,17.6550962477441437670222512679174542427063,10.4292473585040657013678355724550783634186,10.4292473585040657013678355724550783634186,16.4258914016685793058059061877429485321045
22.50000,19.6621471071557145648966979933902621269226,17.6041293502730269437961396761238574981689,10.4390741442643477654428352252580225467682,10.4390741442643477654428352252580225467682,16.3881281689000495305208460194990038871765
22.60000,19.6912586094483259557819110341370105743408,17.5547563938508908165658795041963458061218,10.4484282893458431118460794095881283283234,10.4484282893458431118460794095881283283234,16.3491584246075341013693105196580290794373
22.70000,19.7168920725491041423538263188675045967102,17.5113345673427289739265688695013523101807,10.4584475364330025115577882388606667518616,10.4584475364330025115577882388606667518616,16.3113315670258280931648187106475234031677
22.80000,19.7399200070280578245274227811023592948914,17.4753487874039450389318517409265041351318,10.4699226521090995589702288270927965641022,10.4699226521090995589702288270927965641022,16.2754234902138037455188168678432703018188
22.90000,19.7616953412148887991861556656658649444580,17.4451093912909875882633059518411755561829,10.4831438740655862318362778751179575920105,10.4831438740655862318362778751179575920105,16.2405169843747003710632270667701959609985
23.00000,19.7837804924589910626764321932569146156311,17.4168179452372697824102942831814289093018,10.4981343691648678628780544386245310306549,10.4981343691648678628780544386245310306549,16.2043296993665251193306175991892814636230
23.10000,19.8075757516888337761429284000769257545471,17.3863904375856783701692620525136590003967,10.5150106369346580947876645950600504875183,10.5150106369346580947876645950600504875183,16.1639449154051959567368612624704837799072
23.20000,19.8339277220666723167141753947362303733826,17.3510311461872355209834495326504111289978,10.5340914524029134469174096011556684970856,10.5340914524029134469174096011556684970856,16.1167759634480809438628057250753045082092
23.30000,19.8628169332779229705465695587918162345886,17.3097583691257419502562697743996977806091,10.5555445594371501982777772354893386363983,10.5555445594371501982777772354893386363983,16.0614861835293645242472848622128367424011
23.40000,19.8932155216733939084861049195751547813416,17.2627228855725611822435894282534718513489,10.5787223654236246517257313826121389865875,10.5787223654236246517257313826121389865875,15.9984936763987040109213921823538839817047
23.50000,19.9231676101436505632591433823108673095703,17.2098778381352417454763781279325485229492,10.6016487330355566598427685676142573356628,10.6016487330355566598427685676142573356628,15.9297479822077772126931449747644364833832
23.60000,19.9500850734336090397391672013327479362488,17.1499483206394174317210854496806859970093,10.6211079342984433537822042126208543777466,10.6211079342984433537822042126208543777466,15.8578175254761397638958442257717251777649
23.70000,19.9711896237736290515840664738789200782776,17.0804049604362582215344446012750267982483,10.6334064094683906631644276785664260387421,10.6334064094683906631644276785664260387421,15.7847817652731041704328163177706301212311
23.80000,19.9839923563320951416244497522711753845215,16.9984006160656910822126519633457064628601,10.6354285521539857484185631619766354560852,10.6354285521539857484185631619766354560852,15.7115358680898129506431359914131462574005
23.90000,19.9866992703240349271709419554099440574646,16.9019917201255793770542368292808532714844,10.6254520686194382506073452532291412353516,10.6254520686194382506073452532291412353516,15.6377868532107395793673276784829795360565
24.00000,19.9784634346612506305973511189222335815430,16.7909266721737679972648038528859615325928,10.6033876462241263283203807077370584011078,10.6033876462241263283203807077370584011078,15.5626148143867641948645541560836136341095
24.10000,19.9594537554952999869328778004273772239685,16.6667287257230576358324469765648245811462,10.5704572644699297256920544896274805068970,10.5704572644699297256920544896274805068970,15.4852679522784981713812157977372407913208
24.20000,19.9307560723430405857925507007166743278503,16.5322582764002383726165135158225893974304,10.5286010720899749770751441246829926967621,10.5286010720899749770751441246829926967621,15.4058122045633254515450971666723489761353
24.30000,19.8941519182237165352944430196657776832581,16.3910919942195363319115131162106990814209,10.4799738392277870246971360757015645503998,10.4799738392277870246971360757015645503998,15.3252962339876805941685233847238123416901
24.40000,19.8518313782166693215458508348092436790466,16.2469376963290841331399860791862010955811,10.4267419952024997797934702248312532901764,10.4267419952024997797934702248312532901764,15.2452850841407521187420570640824735164642
24.50000,19.8060930980402645218418911099433898925781,16.1031466867037096335479873232543468475342,10.3711308854604524753995065111666917800903,10.3711308854604524753995065111666917800903,15.1669780138230692045908654108643531799316
24.60000,19.7590726669611136401272233342751860618591,15.9623471279867654715189928538165986537933,10.3154809039993313746208514203317463397980,10.3154809039993313746208514203317463397980,15.0904579869492145860476739471778273582458
24.70000,19.7125258904278553018230013549327850341797,15.8262546512769155526711983839049935340881,10.2620781926658999338997091399505734443665,10.2620781926658999338997091399505734443665,15.0146241563729727630516208591870963573456
24.80000,19.6676799601215037682777619920670986175537,15.6956778484720569366572817671112716197968,10.2127168893991751019711955450475215911865,10.2127168893991751019711955450475215911865,14.9379240297952105009926526690833270549774
24.90000,19.6251556289767172813753859372809529304504,15.5706092050189148778827075148001313209534,10.1681878353281227589377522235736250877380,10.1681878353281227589377522235736250877380,14.8593891633393866413825890049338340759277
25.00000,19.5849579915009677222315076505765318870544,15.4502451762944357227524960762821137905121,10.1280014035700585139920804067514836788177,10.1280014035700585139920804067514836788177,14.7792003606552899697135217138566076755524
25.10000,19.5465313641834335101066244533285498619080,15.3329358475547152806939266156405210494995,10.0905491883353537474476979696191847324371,10.0905491883353537474476979696191847324371,14.6983688350674430722619945299811661243439
25.20000,19.5088723824100434001138637540861964225769,15.2162566691735019475117951515130698680878,10.0536604141762211384047986939549446105957,10.0536604141762211384047986939549446105957,14.6178082232311030708160615176893770694733
25.30000,19.4706917958146448199840961024165153503418,15.0973356914035026221654334221966564655304,10.0152958814076491478317620931193232536316,10.0152958814076491478317620931193232536316,14.5374357244028491464860053383745253086090
25.40000,19.4306085803540113943199685309082269668579,14.9733563416115611488521608407609164714813,9.9740832711337361615733243525028228759766,9.9740832711337361615733243525028228759766,14.4557983796980984436686412664130330085754
25.50000,19.3873521544953284490020450903102755546570,14.8421232646955996159476853790692985057831,9.9295271431262754902036249404773116111755,9.9295271431262754902036249404773116111755,14.3704211329383788608993199886754155158997
25.60000,19.3399438813405204484752175631001591682434,14.7026423357057431928751611849293112754822,9.8819152244361827541752063552848994731903,9.8819152244361827541752063552848994731903,14.2787557681738981329999660374596714973450
25.70000,19.2878308785840815176015894394367933273315,14.5556049237832567655459570232778787612915,9.8320724088800410811472829664126038551331,9.8320724088800410811472829664126038551331,14.1792909846072561208529805298894643783569
25.80000,19.2309535339873605153115931898355484008789,14.4035594035803882206892012618482112884521,9.7811262908644351909970282576978206634521,9.7811262908644351909970282576978206634521,14.0722603558388801303635773365385830402374
25.90000,19.1697401272676621886148495832458138465881,14.2505711351944270859348762314766645431519,9.7303619450800109547117244801484048366547,9.7303619450800109547117244801484048366547,13.9595873723020673651262768544256687164307
26.00000,19.1050337250176411885149718727916479110718,14.1013244199370806342130890698172152042389,9.6811343020251161561873232130892574787140,9.6811343020251161561873232130892574787140,13.8440895409044912867102539166808128356934
26.10000,19.0379654577047610075624106684699654579163,13.9597801361559525901157030602917075157166,9.6347531443726754929457456455565989017487,9.6347531443726754929457456455565989017487,13.7282393051153626117866224376484751701355
26.20000,18.9697939274976334900202346034348011016846,13.8279679237138690695019249687902629375458,9.5922923167803109123497051768936216831207,9.5922923167803109123497051768936216831207,13.6131772176508789584659098181873559951782
26.30000,18.9017336063111542898695915937423706054688,13.7057548334787426824732392560690641403198,9.5543734234253321346841403283178806304932,9.5543734234253321346841403283178806304932,13.4987415929392344793313895934261381626129
26.40000,18.8347962624322171620860899565741419792175,13.5914183847797804816082134493626654148102,9.5210619407165619776378662209026515483856,9.5210619407165619776378662209026515483856,13.3840907657788719120617315638810396194458
26.50000,18.7696683837194555621863401029258966445923,13.4827512875544481829592768917791545391083,9.4920111838816669802554315538145601749420,9.4920111838816669802554315538145601749420,13.2683973035105697846347538870759308338165
26.60000,18.7066433211402198821815545670688152313232,13.3784817952964303344742802437394857406616,9.4668691485435374488588422536849975585938,9.4668691485435374488588422536849975585938,13.1513868193495753189381503034383058547974
26.70000,18.6456188499656967394457751652225852012634,13.2794856500974152169192166184075176715851,9.4457865283359137009711048449389636516571,9.4457865283359137009711048449389636516571,13.0335314433912845544227820937521755695343
26.80000,18.5861596527690053903825173620134592056274,13.1892136932841808061311894562095403671265,9.4297476242932827261711281607858836650848,9.4297476242932827261711281607858836650848,12.9158780974666242968851292971521615982056
26.90000,18.5276120396195480566348123829811811447144,13.1129741546855793643544529913924634456635,9.4204776870416271350450188037939369678497,9.4204776870416271350450188037939369678497,12.7996308202218731508992277667857706546783
27.00000,18.4692482329131451024295529350638389587402,13.0560909101897095752065069973468780517578,9.4198734373076931092327868100255727767944,9.4198734373076931092327868100255727767944,12.6855922684874649064568075118586421012878
27.10000,18.4104127804606712004442670149728655815125,13.0216241983438862916955258697271347045898,9.4291869425822074646248438511975109577179,9.4291869425822074646248438511975109577179,12.5736630936401407865332657820545136928558
27.20000,18.3506456188593389811103406827896833419800,13.0090501014132851054228012799285352230072,9.4483964163134803726507016108371317386627,9.4483964163134803726507016108371317386627,12.4629028876456615648748993407934904098511
27.30000,18.2897640557508864844749041367322206497192,13.0148284627101471500054685748182237148285,9.4761269127691658553658271557651460170746,9.4761269127691658553658271557651460170746,12.3523386929227037001055578002706170082092
27.40000,18.2278962721719643980122782522812485694885,13.0341604185323305387100845109671354293823,9.5101515371582010516249283682554960250854,9.5101515371582010516249283682554960250854,12.2417536163878928334725060267373919487000
27.50000,18.1654678599119385751237132353708148002625,13.0625889484979254007157578598707914352417,9.5481834422647384741367204696871340274811,9.5481834422647384741367204696871340274811,12.1316899238803852512091907556168735027313
27.60000,18.1031477311612185587819112697616219520569,13.0968152627895442208227905211970210075378,9.5885835861313442052278332994319498538971,9.5885835861313442052278332994319498538971,12.0227958216880761455058745923452079296112
27.70000,18.0417606361065523401521204505115747451782,13.1347883527845308293535708799026906490326,9.6307255133216926878958474844694137573242,9.6307255133216926878958474844694137573242,11.9150979622476995700708357617259025573730
27.80000,17.9821732086849728204924758756533265113831,13.1753400751646339017497666645795106887817,9.6749387102847048680587249691598117351532,9.6749387102847048680587249691598117351532,11.8076358632801969861247926019132137298584
27.90000,17.9251620874965276186685514403507113456726,13.2176898352527540936307559604756534099579,9.7221138032881881940738821867853403091431,9.7221138032881881940738821867853403091431,11.6986243161729035477947036270052194595337
28.00000,17.8712774251783486079148133285343647003174,13.2611110145759454326253035105764865875244,9.7731581448863646954805517452768981456757,9.7731581448863646954805517452768981456757,11.5860721499815610968653345480561256408691
28.10000,17.8207213432710602774022845551371574401855,13.3048512476678251204020853037945926189423,9.8285088886150102638339376426301896572113,9.8285088886150102638339376426301896572113,11.4685548137088630937796551734209060668945
28.20000,17.7732650636539126765001128660514950752258,13.3481589377079199465470082941465079784393,9.8878414503064622209649314754642546176910,9.8878414503064622209649314754642546176910,11.3457411007489099574740976095199584960938
28.30000,17.7282269579596132302867772523313760757446,13.3902170873086490132664039265364408493042,9.9500058213719952959763759281486272811890,9.9500058213719952959763759281486272811890,11.2184324025242716516004293225705623626709
28.40000,17.6845248214375914130869205109775066375732,13.4299315057547623553091398207470774650574,10.0131502538736594232204879517666995525360,10.0131502538736594232204879517666995525360,11.0881558194450349219550844281911849975586
28.50000,17.6408006303813991166862251702696084976196,13.4657125377109299080302662332542240619659,10.0749786313081735045216191792860627174377,10.0749786313081735045216191792860627174377,10.9565559054759802393164136447012424468994
28.60000,17.5955992584687095359186059795320034027100,13.4954956238947438862396666081622242927551,10.1331050456789792946210582158528268337250,10.1331050456789792946210582158528268337250,10.8248847910054948329161561559885740280151
28.70000,17.5475696818914137509182182839140295982361,13.5171668126545814203609552350826561450958,10.1854666637885227231663520797155797481537,10.1854666637885227231663520797155797481537,10.6938031669689497249464693595655262470245
28.80000,17.4956521654191696768521069316193461418152,13.5292814612307310540018079336732625961304,10.2307153014912337596342695178464055061340,10.2307153014912337596342695178464055061340,10.5635030236674332115853758295997977256775
28.90000,17.4392186260716641754697775468230247497559,13.5316924841570056514683528803288936614990,10.2684671350848386595089323236607015132904,10.2684671350848386595089323236607015132904,10.4339768400589907315634263795800507068634
29.00000,17.3781437675874812498477695044130086898804,13.5257110739625705519983966951258480548859,10.2993075785766983187841105973348021507263,10.2993075785766983187841105973348021507263,10.3052396843966569406347844051197171211243
29.10000,17.3127983927031721123057650402188301086426,13.5136957055409290262559807160869240760803,10.3245400742845969688232798944227397441864,10.3245400742845969688232798944227397441864,10.1774139496749089772720253677107393741608
29.20000,17.2439703157916426334850257262587547302246,13.4982915777226235576335966470651328563690,10.3457858728734475306509921210817992687225,10.3457858728734475306509921210817992687225,10.0506901477673711298166381311602890491486
29.30000,17.1727297365527569183996092760935425758362,13.4817366828183633487014958518557250499725,10.3646131169302329055881273234263062477112,10.3646131169302329055881273234263062477112,9.9252401855106562322816898813471198081970
29.40000,17.1002627906107029787108331220224499702454,13.4655825192402183176909602480009198188782,10.3823468770928091231553480611182749271393,10.3823468770928091231553480611182749271393,9.8011515556653048264479366480372846126556
29.50000,17.0276987332578855216524971183389425277710,13.4508590856675986913160159019753336906433,10.4000926158912605501427606213837862014771,10.4000926158912605501427606213837862014771,9.6783725871429631126829917775467038154602
29.60000,16.9559540418381828885685536079108715057373,13.4383990300023459241174350609071552753448,10.4188606829639489603778201853856444358826,10.4188606829639489603778201853856444358826,9.5566317059126326682871876982972025871277
29.70000,16.8856127098672423869629710679873824119568,13.4290232216364042727718697278760373592377,10.4396034044907803917112687486223876476288,10.4396034044907803917112687486223876476288,9.4354291225220858763123032986186444759369
29.80000,16.8168575665344022240788035560399293899536,13.4234414880145127568766838521696627140045,10.4630311735124390537521321675740182399750,10.4630311735124390537521321675740182399750,9.3142367075240386498080624733120203018188
29.90000,16.7494624182827394065498083364218473434448,13.4217707940174282299494734616018831729889,10.4892405270917929982488203677348792552948,10.4892405270917929982488203677348792552948,9.1927521581165780872879622620530426502228
30.00000,16.6828479685795620923727256013080477714539,13.4227893835111924403236116631887853145599,10.5173634748735409516484651248902082443237,10.5173634748735409516484651248902082443237,9.0709104023436744057562464149668812751770
30.10000,16.6161952210106171889947290765121579170227,13.4234315739240379627972288290038704872131,10.5455071947434593226944343768991529941559,10.5455071947434593226944343768991529941559,8.9486124054477347300462497514672577381134
30.20000,16.5485995882071286189329839544370770454407,13.4190984684127112558371663908474147319794,10.5711386056207601313872146420180797576904,10.5711386056207601313872146420180797576904,8.8254208453783196119957210612483322620392
30.30000,16.4792399185996067956239130580797791481018,13.4049641804870045547204426839016377925873,10.5918403433327412699327396694570779800415,10.5918403433327412699327396694570779800415,8.7005234124211288104788764030672609806061
30.40000,16.4075321531206839154037879779934883117676,13.3778756673547309929972470854409039020538,10.6061592348180688816228212090209126472473,10.6061592348180688816228212090209126472473,8.5730893508392753687985532451421022415161
30.50000,16.3332393642617752504975214833393692970276,13.3381294502566980497704207664355635643005,10.6141988905735971115973370615392923355103,10.6141988905735971115973370615392923355103,8.4429710333712826297869469271972775459290
30.60000,16.2565184207830668583483202382922172546387,13.2903499234894972858000983251258730888367,10.6177024300761182473706867313012480735779,10.6177024300761182473706867313012480735779,8.3114634841203276494070451008155941963196
30.70000,16.1778960875965083232586039230227470397949,13.2428548230422116205318161519244313240051,10.6195765793656242692577507114037871360779,10.6195765793656242692577507114037871360779,8.1815977519074714052749186521396040916443
30.80000,16.0981805723805244667801161995157599449158,13.2054464132487829886031249770894646644592,10.6230319695683412817288626683875918388367,10.6230319695683412817288626683875918388367,8.0575630464926284446391946403309702873230
30.90000,16.0183255683336014385531598236411809921265,13.1862726283322615472570760175585746765137,10.6306648891924382382967451121658086776733,10.6306648891924382382967451121658086776733,7.9432684182809847328599062166176736354828
31.00000,15.9392713132086480953830687212757766246796,13.1890436696945236860756267560645937919617,10.6438208332985944082338392036035656929016,10.6438208332985944082338392036035656929016,7.8406733163059838531694367702584713697433
31.10000,15.8617906213800203829578094882890582084656,13.2120295683634250138993593282066285610199,10.6624502256213311568444623844698071479797,10.6624502256213311568444623844698071479797,7.7489197385007813068114046473056077957153
31.20000,15.7863670111425093978141376283019781112671,13.2494067602309151254758035065606236457825,10.6854482322427841722856101114302873611450,10.6854482322427841722856101114302873611450,7.6648773068878570668971406121272593736649
31.30000,15.7131268125583982708803887362591922283173,13.2940460558118047629250213503837585449219,10.7112697980284110599313862621784210205078,10.7112697980284110599313862621784210205078,7.5846332723133800257642178621608763933182
31.40000,15.6418378477294162109956232598051428794861,13.3400662178907989385834298445843160152435,10.7385275127262840300090829259715974330902,10.7385275127262840300090829259715974330902,7.5048490401676462013824675523210316896439
31.50000,15.5719750959502967191383504541590809822083,13.3840633853888100190943077905103564262390,10.7663442047343327345743091427721083164215,10.7663442047343327345743091427721083164215,7.4233500718704412690840399591252207756042
31.60000,15.5028407464818158700836647767573595046997,13.4249583163715477951427601510658860206604,10.7943896412259814354683840065263211727142,10.7943896412259814354683840065263211727142,7.3390197804014007942896569147706031799316
31.70000,15.4337149545529257466114358976483345031738,13.4630785717297953851812053471803665161133,10.8226863339603287528234432102181017398834,10.8226863339603287528234432102181017398834,7.2514208583620645143241745245177298784256
31.80000,15.3640072964992722148735992959700524806976,13.4992517446314437279397679958492517471313,10.8513507728454605683054978726431727409363,10.8513507728454605683054978726431727409363,7.1605574954397965825592109467834234237671
31.90000,15.2933791834330872205782725359313189983368,13.5343752427506629487652389798313379287720,10.8804240913625456244062661426141858100891,10.8804240913625456244062661426141858100891,7.0669062434586598087093989306595176458359
32.00000,15.2218141497815064866472312132827937602997,13.5695162508407776158492197282612323760986,10.9098653938274168240241124294698238372803,10.9098653938274168240241124294698238372803,6.9715996129674504544482260826043784618378
32.10000,15.1496238240191019031044561415910720825195,13.6062784947596924212120939046144485473633,10.9396785719546887349906683084554970264435,10.9396785719546887349906683084554970264435,6.8765451748694168543352134292945265769958
32.20000,15.0773894779381070208046367042697966098785,13.6470152136364202277718504774384200572968,10.9700662087830576041369567974470555782318,10.9700662087830576041369567974470555782318,6.7842722740084120403025735868141055107117
32.30000,15.0058498022207889022183735505677759647369,13.6945434122050713199314486701041460037231,11.0014822143285293520875711692497134208679,11.0014822143285293520875711692497134208679,6.6974287857687997416178404819220304489136
32.40000,14.9357537719358965944138617487624287605286,13.7513087117855210550487754517234861850739,11.0344960642443137288637444726191461086273,11.0344960642443137288637444726191461086273,6.6180703552327910799135679553728550672531
32.50000,14.8677030934631275727042520884424448013306,13.8183479036973526632436914951540529727936,11.0694759006556324720804695971310138702393,11.0694759006556324720804695971310138702393,6.5470991958492152917870043893344700336456
32.60000,14.8020117327975047061272562132216989994049,13.8946650495513903678101996774785220623016,11.1062145803515690545282268431037664413452,11.1062145803515690545282268431037664413452,6.4842476216457560767025825043674558401108
32.70000,14.7386095089264568258613508078269660472870,13.9774667245140253868385116220451891422272,11.1437000301970066118428803747519850730896,11.1437000301970066118428803747519850730896,6.4286761730464707653709410806186497211456
32.80000,14.6770113275619706882935133762657642364502,14.0630741493163018418499632389284670352936,11.1801978704072801917845936259254813194275,11.1801978704072801917845936259254813194275,6.3796897360637121465742893633432686328888
32.90000,14.6163627202809660587945472798310220241547,14.1480554684551318445073775365017354488373,11.2136618602079511930469379876740276813507,11.2136618602079511930469379876740276813507,6.3370944683201964053864685411099344491959
33.00000,14.5555571367067955179663840681314468383789,14.2303496969840868047185722389258444309235,11.2423079024716088269997271709144115447998,11.2423079024716088269997271709144115447998,6.3012910287476637805070822651032358407974
33.10000,14.4934042823980746561574051156640052795410,14.3097458674836044423273051506839692592621,11.2650983138784628323492142953909933567047,11.2650983138784628323492142953909933567047,6.2729535221247534337862816755659878253937
33.20000,14.4288164529728710760991816641762852668762,14.3878322640724096714848201372660696506500,11.2819308074253275009368735481984913349152,11.2819308074253275009368735481984913349152,6.2527871021946275220670941052958369255066
33.30000,14.3609754284470394480877075693570077419281,14.4674114543897367468616721453145146369934,11.2934733139663006085129381972365081310272,11.2934733139663006085129381972365081310272,6.2414402549041767542803427204489707946777
33.40000,14.2894475412987258522434785845689475536346,14.5515943007707111434001490124501287937164,11.3007557233971720478393763187341392040253,11.3007557233971720478393763187341392040253,6.2395303952750920117864552594255656003952
33.50000,14.2142271546950791361041410709731280803680,14.6428611489025861658319627167657017707825,11.3047411502007797423630108823999762535095,11.3047411502007797423630108823999762535095,6.2476060031961075935669214231893420219421
33.60000,14.1357048525449648934682045364752411842346,14.7422652065045518554597947513684630393982,11.3060893311497761004602580214850604534149,11.3060893311497761004602580214850604534149,6.2657913967499636598290635447483509778976
33.70000,14.0545717053677403640676857321523129940033,14.8489317182778730597192407003603875637054,11.3051930302245597914634345215745270252228,11.3051930302245597914634345215745270252228,6.2931173631964911763247982889879494905472
33.80000,13.9716818301376708433281237375922501087189,14.9600401704335101982223932282067835330963,11.3023989225459366991799470270052552223206,11.3023989225459366991799470270052552223206,6.3269241554793076431906229117885231971741
33.90000,13.8879006529745119280505605274811387062073,15.0713919226316086508177249925211071968079,11.2982283337327071848221748950891196727753,11.2982283337327071848221748950891196727753,6.3628359081407070974023554299492388963699
34.00000,13.8039659353763841664886058424599468708038,15.1785240182812106723986289580352604389191,11.2934403474348830087592432391829788684845,11.2934403474348830087592432391829788684845,6.3956092587878261568334892217535525560379
34.10000,13.7203840188700496582896448671817779541016,15.2779369116180685495010038721375167369843,11.2888954360449762504003956564702093601227,11.2888954360449762504003956564702093601227,6.4205300583981648188114377262536436319351
34.20000,13.6373765036310690135223921970464289188385,15.3677763115915855252069377456791698932648,11.2853037412740118128340327530167996883392,11.2853037412740118128340327530167996883392,6.4345453326746309130612644366919994354248
34.30000,13.5548838066271120084138601669110357761383,15.4476978490924636844283668324351310729980,11.2830043614015540498485279385931789875031,11.2830043614015540498485279385931789875031,6.4365729329164658167883317219093441963196
34.40000,13.4726223531980107139816027483902871608734,15.5181571869159515841829488635994493961334,11.2818884072524276973581436323001980781555,11.2818884072524276973581436323001980781555,6.4270027256091069034482643473893404006958
34.50000,13.3901825189682330830009959754534065723419,15.5796199482524961865692603169009089469910,11.2814835387989944592845859006047248840332,11.2814835387989944592845859006047248840332,6.4068353896227394628226647910196334123611
34.60000,13.3071466918947400870365527225658297538757,15.6321557332191165556878331699408590793610,11.2811366656478391234941227594390511512756,11.2811366656478391234941227594390511512756,6.3770290938181792839145600737538188695908
34.70000,13.2232031040691655476848609396256506443024,15.6756491271475333348917047260329127311707,11.2802115712416206605439583654515445232391,11.2802115712416206605439583654515445232391,6.3384290887334575614886489347554743289948
34.80000,13.1382327213706737722986872540786862373352,15.7104923331986885415290089440532028675079,11.2782440956283735999932105187326669692993,11.2782440956283735999932105187326669692993,6.2922368633126133374844357604160904884338
34.90000,13.0523531689499598940074065467342734336853,15.7382684771679350888007320463657379150391,11.2750275215004247542083248845301568508148,11.2750275215004247542083248845301568508148,6.2405666031170428098562297236640006303787
35.00000,12.9659133823613750280401291092857718467712,15.7618472771069821902756302733905613422394,11.2706157765424936911813347251154482364655,11.2706157765424936911813347251154482364655,6.1865291063833689477746702323202043771744
35.10000,12.8794425184664476091711549088358879089355,15.7846486051805623418431423488073050975800,11.2652452801653417679972335463389754295349,11.2652452801653417679972335463389754295349,6.1336005633163246386629907647147774696350
35.20000,12.7935643855475653651865286519750952720642,15.8094187944526112232779269106686115264893,11.2592069807629755473499244544655084609985,11.2592069807629755473499244544655084609985,6.0845692184742281582998657540883868932724
35.30000,12.7088935678424448383339040447026491165161,15.8373061802537122844114492181688547134399,11.2527396933225016795176998130045831203461,11.2527396933225016795176998130045831203461,6.0407203614511546518883733369875699281693
35.40000,12.6259318456590605705969210248440504074097,15.8679015507000311657748170546256005764008,11.2460229356455236882084136595949530601501,11.2460229356455236882084136595949530601501,6.0017875250680443599549107602797448635101
35.50000,12.5449836072686196075665066018700599670410,15.9002010767127526236208723275922238826752,11.2392880567650781387101233121939003467560,11.2392880567650781387101233121939003467560,5.9666085704512150655887126049492508172989
35.60000,12.4661062736708423415166180348023772239685,15.9337572418197321866273341584019362926483,11.2329617851252301363729202421382069587708,11.2329617851252301363729202421382069587708,5.9339399452401160317549511091783642768860
35.70000,12.3891058212163578389208851149305701255798,15.9691732355248685593096524826250970363617,11.2276837632716279813394066877663135528564,11.2276837632716279813394066877663135528564,5.9029115301979722119085636222735047340393
35.80000,12.3135786732510013052888098172843456268311,16.0075500326266570993993809679523110389709,11.2240775481531844803839703672565519809723,11.2240775481531844803839703672565519809723,5.8729736095712885557418303505983203649521
35.90000,12.2389912983087754128064261749386787414551,16.0491739383607381341789732687175273895264,11.2223129654966395918336274917237460613251,11.2223129654966395918336274917237460613251,5.8435393056762352514965641603339463472366
36.00000,12.1647805330659526390491009806282818317413,16.0922769434430144031011877814307808876038,11.2216875708485499529842854826711118221283,11.2216875708485499529842854826711118221283,5.8136823348118689125385571969673037528992
36.10000,12.0904535318650978581445087911561131477356,16.1327724602077999804805585881695151329041,11.2205309787045077740685883327387273311615,11.2205309787045077740685883327387273311615,5.7821640346638778495957922132220119237900
36.20000,12.0156675449021221879775112029165029525757,16.1653387951199114525024924660101532936096,11.2166039410518632024604812613688409328461,11.2166039410518632024604812613688409328461,5.7477984579183081237374608463142067193985
36.30000,11.9402756544682233652565628290176391601562,16.1853779905097958646820188732817769050598,11.2078773932766182497289264574646949768066,11.2078773932766182497289264574646949768066,5.7098988584247836186591484874952584505081
36.40000,11.8643328183451348678545400616712868213654,16.1907951198351796051611017901450395584106,11.1933193974293256900409687659703195095062,11.1933193974293256900409687659703195095062,5.6684891433216630929337043198756873607635
36.50000,11.7880644904386251425876253051683306694031,16.1826478928011141533715999685227870941162,11.1732705157993077449418706237338483333588,11.1732705157993077449418706237338483333588,5.6241713516411220297186446259729564189911
36.60000,11.7118059974966080005742696812376379966736,16.1643818563899905882408347679302096366882,11.1491937263708678074181079864501953125000,11.1491937263708678074181079864501953125000,5.5778004011448603094436293758917599916458
36.70000,11.6359242903079209696670659468509256839752,16.1401261336686268066387128783389925956726,11.1229257033030055623612497583962976932526,11.1229257033030055623612497583962976932526,5.5301990173705375397616990085225552320480
36.80000,11.5607351999856007296330062672495841979980,16.1129791988898034560406813398003578186035,11.0958304767366779941539789433591067790985,11.0958304767366779941539789433591067790985,5.4820534454020508619009888207074254751205
36.90000,11.4864296582267311208624960272572934627533,16.0841378755388539900650357594713568687439,11.0682933172875532790158104035072028636932,11.0682933172875532790158104035072028636932,5.4339808991904758883606518793385475873947
37.00000,11.4130215962726353495781950186938047409058,16.0531445960405960704520111903548240661621,11.0397625080573682510021171765401959419250,11.0397625080573682510021171765401959419250,5.3866411761984958062043915560934692621231
37.10000,11.3403277866867071566048252861946821212769,16.0188268991592366319309803657233715057373,11.0092039305041993202394223771989345550537,11.0092039305041993202394223771989345550537,5.3407468248375451480569608975201845169067
37.20000,11.2679851089668812136324049788527190685272,15.9801784551291419234075874555855989456177,10.9756173056191830283978561055846512317657,10.9756173056191830283978561055846512317657,5.2969289528576553038874408230185508728027
37.30000,11.1955038472867940413379983510822057723999,15.9366632003300310316262766718864440917969,10.9383088865949709145297674695029854774475,10.9383088865949709145297674695029854774475,5.2555492744268823557263203838374465703964
37.40000,11.1223479793199082621413253946229815483093,15.8879583798191958976531168445944786071777,10.8968557964164993734357267385348677635193,10.8968557964164993734357267385348677635193,5.2165947663061054129229887621477246284485
37.50000,11.0480279166219439446194883203133940696716,15.8335747743819670318998760194517672061920,10.8509359367149187391987652517855167388916,10.8509359367149187391987652517855167388916,5.1797308175740743863002535363193601369858
37.60000,10.9721891311125716583774192258715629577637,15.7728274737101834546137979486957192420959,10.8002650859679558692505452199839055538177,10.8002650859679558692505452199839055538177,5.1444864328868424863117070344742387533188
37.70000,10.8946793282724758711310641956515610218048,15.7052864757441952292538189794868230819702,10.7447495200897584766153158852830529212952,10.7447495200897584766153158852830529212952,5.1104667638371550353326711046975106000900
37.80000,10.8155816039168861664165888214483857154846,15.6314008387283589485150514519773423671722,10.6847483817665480643199771293438971042633,10.6847483817665480643199771293438971042633,5.0774856791121463217564269143622368574142
37.90000,10.7352071962201041088746933382935822010040,15.5528161205401573852213914506137371063232,10.6212195049376880717773019568994641304016,10.6212195049376880717773019568994641304016,5.0455843068848853505414808751083910465240
38.00000,10.6540477439043872465163076412864029407501,15.4721082247863712666458013700321316719055,10.5555869441833518607154474011622369289398,10.5555869441833518607154474011622369289398,5.0149820803240539035527945088688284158707
38.10000,10.5726939722801098753279802622273564338684,15.3920543246288854533077028463594615459442,10.4893599653894540324472473002970218658447,10.4893599653894540324472473002970218658447,4.9860283661300890400980279082432389259338
38.20000,10.4917342437312672842608662904240190982819,15.3148633102485050017094181384891271591187,10.4236999876728528846570043242536485195160,10.4236999876728528846570043242536485195160,4.9591975786340682930131151806563138961792
38.30000,10.4116508132995377877705323044210672378540,15.2417584841504982762216968694701790809631,10.3591513215508062017988777370192110538483,10.3591513215508062017988777370192110538483,4.9351066543484254367513131001032888889313
38.40000,10.3327324658894621478566477890126407146454,15.1729551335689194502265308983623981475830,10.2956214123637899149343866156414151191711,10.2956214123637899149343866156414151191711,4.9144447747308008800359857559669762849808
38.50000,10.2550190082212573372544284211471676826477,15.1077593437560118161400168901309370994568,10.2325292507650811302255533519200980663300,10.2325292507650811302255533519200980663300,4.8977198504471060047649189073126763105392
38.60000,10.1782866860585254897841878118924796581268,15.0445637964068641423409644630737602710724,10.1689675462101618563792726490646600723267,10.1689675462101618563792726490646600723267,4.8849153900450641430097675765864551067352
38.70000,10.1020757535338727706175632192753255367279,14.9808177520227943091413180809468030929565,10.1037877936290350078252231469377875328064,10.1037877936290350078252231469377875328064,4.8753179182985988404652744065970182418823
38.80000,10.0257541028403966976156880264170467853546,14.9132024929615596420262590982019901275635,10.0356442779015981869861207087524235248566,10.0356442779015981869861207087524235248566,4.8676680399987581893128663068637251853943
38.90000,9.9486056292749029950073236250318586826324,14.8381026738664463238137614098377525806427,9.9631035064072541729274234967306256294250,9.9631035064072541729274234967306256294250,4.8605012903268427493230774416588246822357
39.00000,9.8699296422979738707681462983600795269012,14.7522398327128350103976117679849267005920,9.8848763197503100030871792114339768886566,9.8848763197503100030871792114339768886566,4.8524168355101897631698193436022847890854
39.10000,9.7891380155510052674117105198092758655548,14.6532301141510092890030136913992464542389,9.8001051459048884595404160791076719760895,9.8001051459048884595404160791076719760895,4.8421578378922376373338920529931783676147
39.20000,9.7058390231645219614620145875960588455200,14.5398632653835342409820441389456391334534,9.7085484954461946927040116861462593078613,9.7085484954461946927040116861462593078613,4.8286052976556641525007762538734823465347
39.30000,9.6198997622457635969794864649884402751923,14.4120236630780578224175769719295203685760,9.6105326211679482639738125726580619812012,9.6105326211679482639738125726580619812012,4.8108581829879231150925988913513720035553
39.40000,9.5314817238165474577726854477077722549438,14.2703293979698511151354978210292756557465,9.5066803092484235548909055069088935852051,9.5066803092484235548909055069088935852051,4.7884505032895532394832116551697254180908
39.50000,9.4410458187867654089586721966043114662170,14.1156598980568190881967893801629543304443,9.3975874206576168745641552959568798542023,9.3975874206576168745641552959568798542023,4.7615308755283516362055706849787384271622
39.60000,9.3493237308039951471982931252568960189819,13.9489006241882051995162328239530324935913,9.2836801571446567749035239103250205516815,9.2836801571446567749035239103250205516815,4.7308640407028885732643175288103520870209
39.70000,9.2572525056848480318194560823030769824982,13.7713082582489025895711165503598749637604,9.1653855319574546456351527012884616851807,9.1653855319574546456351527012884616851807,4.6977897000188422182986869302112609148026
39.80000,9.1658726779055417210884115775115787982941,13.5851455839317782903208353673107922077179,9.0435337522879049032553666620515286922455,9.0435337522879049032553666620515286922455,4.6639507572615102048985136207193136215210
39.90000,9.0762030464008010000043213949538767337799,13.3941054114705941913143760757520794868469,8.9197275377372218230220823897980153560638,8.9197275377372218230220823897980153560638,4.6308533823969515452745326911099255084991
