0.00000,2.0000179259115222762943631096277385950089,4.0000537777345668288830893288832157850266,2.0000358518230441084995163691928610205650,2.0000358518230441084995163691928610205650,2.0000000000000000000000000000000000000000
0.10000,2.0000060213424659671943572902819141745567,4.0000180640273974574938620207831263542175,2.0000120426849314902995047305012121796608,2.0000120426849314902995047305012121796608,2.0000000000000000000000000000000000000000
0.20000,2.0002536860342559066339163109660148620605,4.0007610581027668317233292327728122472763,2.0005073720685113691786227718694135546684,2.0005073720685113691786227718694135546684,2.0000000000000000000000000000000000000000
0.30000,2.0023968344936342589335254160687327384949,4.0071905034809036649789959483314305543900,2.0047936689872689619562606822000816464424,2.0047936689872689619562606822000816464424,2.0000000000000000000000000000000000000000
0.40000,2.0104878178644791653084666904760524630547,4.0314634535934370518361902213655412197113,2.0209756357289578865277235308894887566566,2.0209756357289578865277235308894887566566,2.0000000000000000000000000000000000000000
0.50000,2.0307933437092904327414544241037219762802,4.0923800311278712982243632723111659288406,2.0615866874185808654829088482074439525604,2.0615866874185808654829088482074439525604,2.0000000000000000000000000000000000000000
0.60000,2.0701555600886427654927501862403005361557,4.2104666802659291846566702588461339473724,2.1403111201772859750747102225432172417641,2.1403111201772859750747102225432172417641,2.0000000000000000000000000000000000000000
0.70000,2.1337755178490520613365788449300453066826,4.4013265535471566280989463848527520895004,2.2675510356981045667623675399227067828178,2.2675510356981045667623675399227067828178,2.0000000000000000000000000000000000000000
0.80000,2.2234761945411367634051202912814915180206,4.6704285836234094020369411737192422151566,2.4469523890822730827210307325003668665886,2.4469523890822730827210307325003668665886,2.0000000000000000000000000000000000000000
0.90000,2.3370925218503613152165598876308649778366,5.0112775655510848338280993630178272724152,2.6741850437007230745223296253243461251259,2.6741850437007230745223296253243461251259,2.0000000000000000000000000000000000000000
1.00000,2.4690295886102737732414880156284198164940,5.4070887658308208756352541968226432800293,2.9380591772205475464829760312568396329880,2.9380591772205475464829760312568396329880,2.0000000000000000000000000000000000000000
1.10000,2.6116017347008231297422753414139151573181,5.8348052041024693892268260242417454719543,3.2232034694016467035737605328904464840889,3.2232034694016467035737605328904464840889,2.0000000000000000000000000000000000000000
1.20000,2.7566341281598818468978606688324362039566,6.2699023844796455406935820064973086118698,3.5132682563197636937957213376648724079132,3.5132682563197636937957213376648724079132,2.0000000000000000000000000000000000000000
1.30000,2.8968968340394973814966306235874071717262,6.6906905021184925885791017208248376846313,3.7937936680789952070824710972374305129051,3.7937936680789952070824710972374305129051,2.0000000000000000000000000000000000000000
1.40000,3.0271178279866108873363828024594113230705,7.0813534839598331060983582574408501386642,4.0542356559732217746727656049188226461411,4.0542356559732217746727656049188226461411,2.0000000000000000000000000000000000000000
1.50000,3.1444881229300167824192158150253817439079,7.4334643687900507913468572951387614011765,4.2889762458600335648384316300507634878159,4.2889762458600335648384316300507634878159,2.0000000000000000000000000000000000000000
1.60000,3.2486848249803079724529197847004979848862,7.7460544749409239173587593541014939546585,4.4973696499606159449058395694009959697723,4.4973696499606159449058395694009959697723,2.0000000000000000000000000000000000000000
1.70000,3.3414953725601610479145620047347620129585,8.0244861176804818114760564640164375305176,4.6829907451203212076507043093442916870117,4.6829907451203212076507043093442916870117,2.0000000000000000000000000000000000000000
1.80000,3.4261519120406118688038077380042523145676,8.2784557361218329418761641136370599269867,4.8523038240812219612507760757580399513245,4.8523038240812219612507760757580399513245,2.0000000000000000000000000000000000000000
1.90000,3.5065041918106572005342513875802978873253,8.5195125754319551703019897104240953922272,5.0130083836213064074627254740335047245026,5.0130083836213064074627254740335047245026,2.0000000000000000000000000000000000000000
2.00000,3.5861801091972407284913515468360856175423,8.7585403275916497989328490803018212318420,5.1723602183944450416674953885376453399658,5.1723602183944450416674953885376453399658,2.0000000000000000000000000000000000000000
2.10000,3.6678906114123406290161710785469040274620,9.0036718342366981460145325399935245513916,5.3357812228245196095599567343015223741531,5.3357812228245196095599567343015223741531,2.0000000000000000000000000000000000000000
2.20000,3.7530093153985726317500848381314426660538,9.2590279461943207905960662174038589000702,5.5060186307964471552622853778302669525146,5.5060186307964471552622853778302669525146,2.0000000000000000000000000000000000000000
2.30000,3.8414921087859235093731058441335335373878,9.5244763263518663620743609499186277389526,5.6829842175688947136791284719947725534439,5.6829842175688947136791284719947725534439,2.0000000000000000000000000000000000000000
2.40000,3.9321170148175985659122488868888467550278,9.7963510444284995770658497349359095096588,5.8642340296230486273998394608497619628906,5.8642340296230486273998394608497619628906,2.0000000000000000000000000000000000000000
2.50000,4.0229504727879694669923082983586937189102,10.0688514182668686913757483125664293766022,6.0459009455274195232732381555251777172089,6.0459009455274195232732381555251777172089,2.0000000000000000000000000000000000000000
2.60000,4.1119064283529676018247300817165523767471,10.3357192846840835187549600959755480289459,6.2238128565185260043790549389086663722992,6.2238128565185260043790549389086663722992,2.0000000000000000000000000000000000000000
2.70000,4.1972649032909323807416512863710522651672,10.5917947084782078093212476233020424842834,6.3945298058845700950314494548365473747253,6.3945298058845700950314494548365473747253,2.0000000000000000000000000000000000000000
2.80000,4.2780471266753874459709550137631595134735,10.8341413750483219757825281703844666481018,6.5560942508618547108767415920738130807877,6.5560942508618547108767415920738130807877,2.0000000000000000000000000000000000000000
2.90000,4.3541890265239153734455612720921635627747,11.0625670625935903501613211119547486305237,6.7083780445587519736250214918982237577438,6.7083780445587519736250214918982237577438,2.0000000000000017763568394002504646778107
3.00000,4.4265009953091105643352420884184539318085,11.2795029307781806693355974857695400714874,6.8530019630436376232296424859669059514999,6.8530019630436376232296424859669059514999,2.0000000000000155431223447521915659308434
3.10000,4.4964426825748509131130958849098533391953,11.4893278775315081929875304922461509704590,6.9928852800531275946127607312519103288651,6.9928852800531275946127607312519103288651,2.0000000000001056932319443149026483297348
3.20000,4.5657743778417891888921076315455138683319,11.6973226351408552403654539375565946102142,7.1315485064909971413271705387160181999207,7.1315485064909971413271705387160181999207,2.0000000000006514788708500418579205870628
3.30000,4.6361682264281540710726403631269931793213,11.9085032944381019603952154284343123435974,7.2723357604312619528741379326675087213516,7.2723357604312619528741379326675087213516,2.0000000000037312375411602261010557413101
3.40000,4.7088680711295713976483057194855064153671,12.1266005581011775404931540833786129951477,7.4177343146053953404361891443841159343719,7.4177343146053953404361891443841159343719,2.0000000000199587013582913641585037112236
3.50000,4.7844721767593929584450052061583846807480,12.3534073479796582262224546866491436958313,7.5689397623196210673768291599117219448090,7.5689397623196210673768291599117219448090,2.0000000000998090499138015729840844869614
3.60000,4.8628801737653528647342682234011590480804,12.5886185161734722726123436586931347846985,7.7257493447360925387101815431378781795502,7.7257493447360925387101815431378781795502,2.0000000004666391717478290956933051347733
3.70000,4.9434031930369970453398309473413974046707,12.8301591465372251121834779041819274425507,7.8867811687680120513732617837376892566681,7.8867811687680120513732617837376892566681,2.0000000020381980547767852840479463338852
3.80000,5.0249971481898603187232765776570886373520,13.0748806624299653833531920099630951881409,8.0499389011565174456563909188844263553619,8.0499389011565174456563909188844263553619,2.0000000083067908107636867498513311147690
3.90000,5.1065542229261025042319488420616835355759,13.3194290462417832543451368110254406929016,8.2129916188149749700642132665961980819702,8.2129916188149749700642132665961980819702,2.0000000315379349302702394197694957256317
4.00000,5.1871814095347064110796964087057858705521,13.5610708108268749327862678910605609416962,8.3741260545120272951180595555342733860016,8.3741260545120272951180595555342733860016,2.0000001113375263095406353386351838707924
4.10000,5.2664055231202615559027435665484517812729,13.7982945736275617321098252432420849800110,8.5323498659626757500973326386883854866028,8.5323498659626757500973326386883854866028,2.0000003648224704555502739822259172797203
4.20000,5.3442658668851947822986403480172157287598,14.0310727096335856600717306719161570072174,8.6876687342366718524999669170938432216644,8.6876687342366718524999669170938432216644,2.0000011080454349610135977854952216148376
4.30000,5.4212825268420665736357477726414799690247,14.2607504129699762529526196885854005813599,8.8410149111574156677306746132671833038330,8.8410149111574156677306746132671833038330,2.0000031174972137115730674850055947899818
4.40000,5.4983151357443178497419467021245509386063,14.4896131124932914246983273187652230262756,8.9939600598646780582612336729653179645538,8.9939600598646780582612336729653179645538,2.0000081285082531579178066749591380357742
4.50000,5.5763497393461021189864368352573364973068,14.7202538013188775067874303204007446765900,9.1482919342571538123820573673583567142487,9.1482919342571538123820573673583567142487,2.0000196721506706687421228707535192370415
4.60000,5.6562660757734279926012277428526431322098,14.9549054208388163544896087842062115669250,9.3055635947601373914039868395775556564331,9.3055635947601373914039868395775556564331,2.0000443070919708965504923980915918946266
4.70000,5.7386404877347079178662170306779444217682,15.1949076503419320260945823974907398223877,9.4667274734422814930212553008459508419037,9.4667274734422814930212553008459508419037,2.0000931911920756256506592762889340519905
4.80000,5.8236292831526661473162675974890589714050,15.4404377625708804089299519546329975128174,9.6319416435738016701861852197907865047455,9.6319416435738016701861852197907865047455,2.0001837585759427717846392624778673052788
4.90000,5.9109559079639941714390261040534824132919,15.6905601455050724979400911252014338970184,9.8005875153606627492308689397759735584259,9.8005875153606627492308689397759735584259,2.0003410227477416150065891997655853629112
5.00000,5.9999988050705415076890858472324907779694,15.9435593784839362285765673732385039329529,9.9714802375378326360078062862157821655273,9.9714802375378326360078062862157821655273,2.0005977084788137965176701982272788882256
5.10000,6.0899528649434335747514523973222821950912,16.1974428238393635126612934982404112815857,10.1432018218156088096293387934565544128418,10.1432018218156088096293387934565544128418,2.0009920451515825767785372590878978371620
5.20000,6.1800220606998781391894226544536650180817,16.4504512992127054360480542527511715888977,10.3144557891133370475245101260952651500702,10.3144557891133370475245101260952651500702,2.0015617816859121447237157553900033235550
5.30000,6.2695969690543211783051447127945721149445,16.7014111100521418507014459464699029922485,10.4843373993635431418169901007786393165588,10.4843373993635431418169901007786393165588,2.0023332803793776335510301578324288129807
5.40000,6.3583777224951978368494565074797719717026,16.9497997262786768146725080441683530807495,10.6524354722986149823782398016192018985748,10.6524354722986149823782398016192018985748,2.0033065041766455749439046485349535942078
5.50000,6.4464176334701770443302848434541374444962,17.1954807429045111177856597350910305976868,10.8187283286809972082664899062365293502808,10.8187283286809972082664899062365293502808,2.0044417190126946337613844661973416805267
5.60000,6.5340815995058765253133969963528215885162,17.4381869287132929002837045118212699890137,10.9833042016782425065457573509775102138519,10.9833042016782425065457573509775102138519,2.0056601248626830802379572560312226414680
5.70000,6.6219326847110124845130485482513904571533,17.6769600943634443979135539848357439041138,11.1460119374896979849154377006925642490387,11.1460119374896979849154377006925642490387,2.0068689040950631330417763820150867104530
5.80000,6.7105762525383259031741545186378061771393,17.9098182552053337701636337442323565483093,11.3061955976366537157673519686795771121979,11.3061955976366537157673519686795771121979,2.0080033124703526858922941755736246705055
5.90000,6.8005001977178736183304863516241312026978,18.1338531932946871449985337676480412483215,11.4626467506769031956537219230085611343384,11.4626467506769031956537219230085611343384,2.0090598896587574806460452236933633685112
6.00000,6.8919497338080697446116573701146990060806,18.3457909149888749311685387510806322097778,11.6138201070996558428305434063076972961426,11.6138201070996558428305434063076972961426,2.0101004345976312137622699083294719457626
6.10000,6.9848655692830785568503415561281144618988,18.5428603485021952224087726790457963943481,11.7582482470737641477853685501031577587128,11.7582482470737641477853685501031577587128,2.0112294236377432632423278846545144915581
6.20000,7.0788976629319932953876559622585773468018,18.7236808765249378438966232351958751678467,11.8950088696802964705057092942297458648682,11.8950088696802964705057092942297458648682,2.0125608000963404187189098593080416321754
6.30000,7.1734877495826614435259216406848281621933,18.8888292353201237006032897625118494033813,12.0240656301583364040652668336406350135803,12.0240656301583364040652668336406350135803,2.0141857245861110037310481857275590300560
6.40000,7.2679976239804586768400440632831305265427,19.0407995843311219630322739249095320701599,12.1463258598414753919314534869045019149780,12.1463258598414753919314534869045019149780,2.0161454886286311882770405645715072751045
6.50000,7.3618506491677431213815907540265470743179,19.1832343363078088316342473262920975685120,12.2633350499096920316333125811070203781128,12.2633350499096920316333125811070203781128,2.0184148856561670015707932179793715476990
6.60000,7.4546527490556933059906441485509276390076,19.3195600297258742727990465937182307243347,12.3766528994245703643173328600823879241943,12.3766528994245703643173328600823879241943,2.0209069799324250737981856218539178371429
6.70000,7.5462656841836199816953012486919760704041,19.4514489985880878464286070084199309349060,12.4871028503952583577074619824998080730438,12.4871028503952583577074619824998080730438,2.0235089819811902245305645919870585203171
6.80000,7.6368176079549430212978222698438912630081,19.5777181769930592736272956244647502899170,12.5941967735577193820972752291709184646606,12.5941967735577193820972752291709184646606,2.0261422378325630866413575859041884541512
6.90000,7.7266508797894744020595680922269821166992,19.6942170683231729810813703807070851325989,12.6960280729886303419107207446359097957611,12.6960280729886303419107207446359097957611,2.0288118021353858111410772835370153188705
7.00000,7.8162216756231668313148475135676562786102,19.7948838697484319482100545428693294525146,12.7897513476420403577549222973175346851349,12.7897513476420403577549222973175346851349,2.0316028500875180640150574618019163608551
7.10000,7.9059769224617246763386901875492185354233,19.8736185875280568779999157413840293884277,12.8724891972122374994569327100180089473724,12.8724891972122374994569327100180089473724,2.0346171155653056672463208087719976902008
7.20000,7.9962388860511923738272344053257256746292,19.9262492708119083317797048948705196380615,12.9422980722108480478027559001930058002472,12.9422980722108480478027559001930058002472,2.0378920124414046100014274998102337121964
7.30000,8.0871250590541041702863367390818893909454,19.9518509892164352947929728543385863304138,12.9988087694422365103719130274839699268341,12.9988087694422365103719130274839699268341,2.0413585093860655561570638383273035287857
7.40000,8.1785214685875757822941523045301437377930,19.9529625252510172117581532802432775497437,13.0433084315730027924473688472062349319458,13.0433084315730027924473688472062349319458,2.0448671306925865209791481902357190847397
7.50000,8.2701137404754749837820781976915895938873,19.9346635659038149412936036242172122001648,13.0782534287012150997497883508913218975067,13.0782534287012150997497883508913218975067,2.0482704489768583933084755699383094906807
7.60000,8.3614659925936631879039850900880992412567,19.9028855778290676425967831164598464965820,13.1064177273778490473432611906901001930237,13.1064177273778490473432611906901001930237,2.0515161156670349562602950754808261990547
7.70000,8.4521265727534018452615782734937965869904,19.8626234963608219175057456595823168754578,13.1300284946037795208440002170391380786896,13.1300284946037795208440002170391380786896,2.0546930799066656092577431991230696439743
7.80000,8.5417343079233329916633010725490748882294,19.8167739060142835683109296951442956924438,13.1502561818435275142746831988915801048279,13.1502561818435275142746831988915801048279,2.0579958502505597550680249696597456932068
7.90000,8.6301000855695892965968596399761736392975,19.7660589371676920222853368613868951797485,13.1672707015450676237833249615505337715149,13.1672707015450676237833249615505337715149,2.0616176196471456272263367281993851065636
8.00000,8.7172454604816209666751092299818992614746,19.7099670940766351634465536335483193397522,13.1807949323331587976326773059554398059845,13.1807949323331587976326773059554398059845,2.0656226898919376466778885514941066503525
8.10000,8.8033906892350994866092150914482772350311,19.6481321393730858915205317316576838493347,13.1908309962524938896422099787741899490356,13.1908309962524938896422099787741899490356,2.0698608361031971547561170154949650168419
8.20000,8.8888966609385402506404716405086219310760,19.5814061236722452008507389109581708908081,13.1981652134328584224931546486914157867432,13.1981652134328584224931546486914157867432,2.0739723577450690505941111041465774178505
8.30000,8.9741759476704299203220216440968215465546,19.5121254113570508081920706899836659431458,13.2044044915458069766600601724348962306976,13.2044044915458069766600601724348962306976,2.0774923759358676633723916893359273672104
8.40000,9.0595951915911161478334179264493286609650,19.4434885122933032164382893824949860572815,13.2115341151511245243455050513148307800293,13.2115341151511245243455050513148307800293,2.0800154735821672069562282558763399720192
8.50000,9.1453925762175067859516275348141789436340,19.3783685452552241201829019701108336448669,13.2211980541527456267658635624684393405914,13.2211980541527456267658635624684393405914,2.0813650131672387644243826798629015684128
8.60000,9.2316297885624365449075412470847368240356,19.3181721910887631565856281667947769165039,13.2340533148851733358242199756205081939697,13.2340533148851733358242199756205081939697,2.0816953498808539180231491627637296915054
8.70000,9.3181888212361450030130072264000773429871,19.2623628801791682008115458302199840545654,13.2495548929944373384159916895441710948944,13.2495548929944373384159916895441710948944,2.0814419154264389710817795275943353772163
8.80000,9.4048126447662827587237188708968460559845,19.2089043261619387692462623817846179008484,13.2663012898660834792963214567862451076508,13.2663012898660834792963214567862451076508,2.0811143911960554575557580392342060804367
8.90000,9.4911781958296650429929286474362015724182,19.1553289343628279084441601298749446868896,13.2827207787377599146338980062864720821381,13.2827207787377599146338980062864720821381,2.0810655727169757867045518651138991117477
9.00000,9.5769828825210776557241842965595424175262,19.0997602141850641999099025269970297813416,13.2976764411445369518105508177541196346283,13.2976764411445369518105508177541196346283,2.0813902144170688401914048881735652685165
9.10000,9.6620234273329206331482055247761309146881,19.0413101391674537410381162771955132484436,13.3106767081903818450427934294566512107849,13.3106767081903818450427934294566512107849,2.0819801501196115722791546431835740804672
9.20000,9.7462485608953066673620924120768904685974,18.9797638914238468998973985435441136360168,13.3216853393945999783909428515471518039703,13.3216853393945999783909428515471518039703,2.0826417735299527222991855524014681577682
9.30000,9.8297739080301482772483723238110542297363,18.9149629876874918466000963235273957252502,13.3307792041844521691018599085509777069092,13.3307792041844521691018599085509777069092,2.0831784873487353415555389801738783717155
9.40000,9.9128566538955151798973020049743354320526,18.8464466359075544232837273739278316497803,13.3379411076958174220408182009123265743256,13.3379411076958174220408182009123265743256,2.0834210744114325386533437267644330859184
9.50000,9.9958371234534872940002969698980450630188,18.7736450417474856067201471887528896331787,13.3431178378335779655117221409454941749573,13.3431178378335779655117221409454941749573,2.0832464895338156374293703265720978379250
9.60000,10.0790620969679505236626937403343617916107,18.6964646520575570320943370461463928222656,13.3464661995924753767894799239002168178558,13.3464661995924753767894799239002168178558,2.0825943498405585785349103389307856559753
9.70000,10.1628087256488583989266771823167800903320,18.6158102330235024624016659799963235855103,13.3485806692364370462655642768368124961853,13.3485806692364370462655642768368124961853,2.0814576201994854365295850584516301751137
9.80000,10.2472273161027143117962623364292085170746,18.5336181457292248353496688650920987129211,13.3504888001487707072101329686120152473450,13.3504888001487707072101329686120152473450,2.0798678615343964004580357141094282269478
9.90000,10.3323161790274244964393801637925207614899,18.4522676277510448983321111882105469703674,13.3533269058501957715634489431977272033691,13.3533269058501957715634489431977272033691,2.0779299950780787398230131657328456640244
10.00000,10.4179335359776601421799568925052881240845,18.3736337507708533678396634059026837348938,13.3578359017992998047930086613632738590240,13.3578359017992998047930086613632738590240,2.0758954831499134563443931256188079714775
10.10000,10.5038423230856778900488279759883880615234,18.2983221674712339677171257790178060531616,13.3639901792254818246874492615461349487305,13.3639901792254818246874492615461349487305,2.0741841321059504288371044822270050644875
10.20000,10.5897759639539827958287787623703479766846,18.2255655483716196840759948827326297760010,13.3710236937971878035114059457555413246155,13.3710236937971878035114059457555413246155,2.0732941247312277610603814537171274423599
10.30000,10.6755086362207016748016030760481953620911,18.1538531614819724779863463481888175010681,13.3778602364524346057805814780294895172119,13.3778602364524346057805814780294895172119,2.0736413247978027207807372178649529814720
10.40000,10.7609131152221522143008769489824771881104,18.0818809219374898589194344822317361831665,13.3836866678270194341848764452151954174042,13.3836866678270194341848764452151954174042,2.0754207015056027607613486907212063670158
10.50000,10.8459928011282880078169910120777785778046,18.0092161622137894028128357604146003723145,13.3883335848867037753961994894780218601227,13.3883335848867037753961994894780218601227,2.0785417935686711921050573437241837382317
10.60000,10.9308810274657357552996472804807126522064,17.9363154446492565341486624674871563911438,13.3922837312470601744962550583295524120331,13.3922837312470601744962550583295524120331,2.0826290096208732727234291814966127276421
10.70000,11.0158086527100458340555633185431361198425,17.8639980149866453018603351665660738945007,13.3963725888045566136952402302995324134827,13.3963725888045566136952402302995324134827,2.0870614900875765762577884743222966790199
10.80000,11.1010484462946319439424769370816648006439,17.7927915012269828309854347025975584983826,13.4014027670785260681896033929660916328430,13.4014027670785260681896033929660916328430,2.0910344133645630826379147038096562027931
10.90000,11.1868501669392319541884717182256281375885,17.7225548597972561992719420231878757476807,13.4078924896357385421197250252589583396912,13.4078924896357385421197250252589583396912,2.0936200474650119573993833910208195447922
11.00000,11.2733822081993171337899184436537325382233,17.6525326048212818363936094101518392562866,13.4160573762181183354869062895886600017548,13.4160573762181183354869062895886600017548,2.0938000605843605228528758743777871131897
11.10000,11.3606937622592951697697571944445371627808,17.5816944702911648334975325269624590873718,13.4259593650251574104004248511046171188354,13.4259593650251574104004248511046171188354,2.0904695025001456265556498692603781819344
11.20000,11.4487061308624671340794520801864564418793,17.5090533558825569571126834489405155181885,13.4376375064450499507984204683452844619751,13.4376375064450499507984204683452844619751,2.0824844738549272982197635428747162222862
11.30000,11.5372344945834832685704895993694663047791,17.4337349172445321698887710226699709892273,13.4510649169990514906203316058963537216187,13.4510649169990514906203316058963537216187,2.0688395778299151217538565106224268674850
11.40000,11.6260340405071875835574246593751013278961,17.3548365401631734528109518578276038169861,13.4659590658089296510979693266563117504120,13.4659590658089296510979693266563117504120,2.0489524490524999578155984636396169662476
11.50000,11.7148586855253586946901123155839741230011,17.2713471177830797387287020683288574218750,13.4816444047079659895871373009867966175079,13.4816444047079659895871373009867966175079,2.0229169938925033456200708315009251236916
11.60000,11.8035180042346130591113251284696161746979,17.1823815405485724738809949485585093498230,13.4971554459495237665578315500169992446899,13.4971554459495237665578315500169992446899,1.9915886528841373337428422019002027809620
11.70000,11.8919188420921297932864035828970372676849,17.0877113823890951493922329973429441452026,13.5115821481356555011643649777397513389587,13.5115821481356555011643649777397513389587,1.9564659282099150505729312499170191586018
11.80000,11.9800821020065679789468049420975148677826,16.9882987243456433645860670367255806922913,13.5244622986226072924864638480357825756073,13.5244622986226072924864638480357825756073,1.9194562291069972026491541328141465783119
11.90000,12.0681313108288250646182859782129526138306,16.8864928748511680112187605118378996849060,13.5359763542164461824768295628018677234650,13.5359763542164461824768295628018677234650,1.8826714772470989345265479641966521739960
12.00000,12.1562563621103620903340924996882677078247,16.7856663171968243375431484309956431388855,13.5468220915890587008334478014148771762848,13.5468220915890587008334478014148771762848,1.8482784961290694702995551779167726635933
12.10000,12.2446617202891196996006328845396637916565,16.6892870950491811754545778967440128326416,13.5578355593628927522331650834530591964722,13.5578355593628927522331650834530591964722,1.8182776966125133721874362890957854688168
12.20000,12.3335119676319919790330459363758563995361,16.5998150419705829961003473727032542228699,13.5695604914945739949416747549548745155334,13.5695604914945739949416747549548745155334,1.7942060266134249868485994738875888288021
12.30000,12.4228879997273633506438272888772189617157,16.5180638909164372307714074850082397460938,13.5819863595116441246091198991052806377411,13.5819863595116441246091198991052806377411,1.7769791716205112219739703505183570086956
12.40000,12.5127643248938404951786651508882641792297,16.4434217974818821517146716360002756118774,13.5945661851972499079010958666913211345673,13.5945661851972499079010958666913211345673,1.7670537519812228310911450535058975219727
12.50000,12.6030125435261357580429830704815685749054,16.3747199041665467689199431333690881729126,13.6064434756985921382010928937233984470367,13.6064434756985921382010928937233984470367,1.7648454962954964742039010161533951759338
12.60000,12.6934295807476562600868419394828379154205,16.3111305080740933703964401502162218093872,13.6166935712897192445325345033779740333557,13.6166935712897192445325345033779740333557,1.7711729462423113634628180079744197428226
12.70000,12.7837832798459416494551987852901220321655,16.2526041236202232198593264911323785781860,13.6244313276961896974626142764464020729065,13.6244313276961896974626142764464020729065,1.7875247480737868066569262737175449728966
12.80000,12.8738639816023514583775977371260523796082,16.1997881044885545520628511440008878707886,13.6288072315719226423880172660574316978455,13.6288072315719226423880172660574316978455,1.8160376229470587272629700237303040921688
12.90000,12.9635295894081661316477038781158626079559,16.1536716765531913608811009908095002174377,13.6290349710914178160692245000973343849182,13.6290349710914178160692245000973343849182,1.8591313237785240808364051190437749028206
13.00000,13.0527334962543726248895836761221289634705,16.1152069020211712313539464958012104034424,13.6245562867524974137722892919555306434631,13.6245562867524974137722892919555306434631,1.9188278247705501389219762131688185036182
13.10000,13.1415290824287946946924421354196965694427,16.0849900983450595504109514877200126647949,13.6153033208183966706883438746444880962372,13.6153033208183966706883438746444880962372,1.9959125391370606816821009488194249570370
13.20000,13.2300502172486886820479412563145160675049,16.0629683257002184859629778657108545303345,13.6019010939498983248086005914956331253052,13.6019010939498983248086005914956331253052,2.0892163550491100743045080889714881777763
13.30000,13.3184729653077216227075041388161480426788,16.0481736689529839168244507163763046264648,13.5856581963854612382647246704436838626862,13.5856581963854612382647246704436838626862,2.1953302414897826189132956642424687743187
13.40000,13.4069681486932203995365853188559412956238,16.0385821254581806272199173690751194953918,13.5683084124351029942090463009662926197052,13.5683084124351029942090463009662926197052,2.3089334492811954824276199360610917210579
13.50000,13.4956564809581198716159633477218449115753,16.0312253901149475154852552805095911026001,13.5516050443918452117486594943329691886902,13.5516050443918452117486594943329691886902,2.4236717822893769636038996395654976367950
13.60000,13.5845771596125484137473904411308467388153,16.0226522245536386890307767316699028015137,13.5369513706159949606444570235908031463623,13.5369513706159949606444570235908031463623,2.5333266429341962933108334254939109086990
13.70000,13.6736773029362836950895143672823905944824,16.0097061265295828036414604866877198219299,13.5252249066454659498504042858257889747620,13.5252249066454659498504042858257889747620,2.6329336161749345990301662823185324668884
13.80000,13.7628243597659984942538358154706656932831,15.9903833480211119422165211290121078491211,13.5168225564626887091890239389613270759583,13.5168225564626887091890239389613270759583,2.7195625948617339062707287666853517293930
13.90000,13.8518379674397191791967998142354190349579,15.9643901198346167547015284071676433086395,13.5118054995785783489736786577850580215454,13.5118054995785783489736786577850580215454,2.7926170881171774595941315055824816226959
14.00000,13.9405331008014705673758726334199309349060,15.9330802877217116986230394104495644569397,13.5099826293451439340742581407539546489716,13.5099826293451439340742581407539546489716,2.8536481298328939537611859122989699244499
14.10000,14.0287638379927788179202252649702131748199,15.8987700101069560076894049416296184062958,13.5108742484201496125706398743204772472382,13.5108742484201496125706398743204772472382,2.9057853512594360445575603080214932560921
14.20000,14.1164571857976568480808055028319358825684,15.8638057219383448170901829143986105918884,13.5136378855238987739539879839867353439331,13.5136378855238987739539879839867353439331,2.9529871366882041172630124492570757865906
14.30000,14.2036290319609364019015629310160875320435,15.8298874683856904965750800329260528087616,13.5170832893530690199668242712505161762238,13.5170832893530690199668242712505161762238,2.9993499216404875262753648712532594799995
14.40000,14.2903787350447490922533688717521727085114,15.7978980748982156256943198968656361103058,13.5198246663539389800234857830218970775604,13.5198246663539389800234857830218970775604,3.0486274772350876460791369026992470026016
14.50000,14.3768640512835954581305486499331891536713,15.7680837541509983878995626582764089107513,13.5204979326088849944653702550567686557770,13.5204979326088849944653702550567686557770,3.1039519402168247452777904982212930917740
14.60000,14.4632628061779211492421381990425288677216,15.7402232605919056851462300983257591724396,13.5179147094301459475218507577665150165558,13.5179147094301459475218507577665150165558,3.1676566479095362716122963320231065154076
14.70000,14.5497308257645201479135721456259489059448,15.7135511275226207317246007733047008514404,13.5110712989061116928724004537798464298248,13.5110712989061116928724004537798464298248,3.2411393554749183820717917114961892366409
14.80000,14.6363663965113524056960159214213490486145,15.6865143665205497569559156545437872409821,13.4990380244012193600156024331226944923401,13.4990380244012193600156024331226944923401,3.3248047142294634426207267097197473049164
14.90000,14.7231897462836105461292390828020870685577,15.6566620134931593355531731504015624523163,13.4808466359355616503989949706010520458221,13.4808466359355616503989949706010520458221,3.4181584879056452486167927418136969208717
15.00000,14.8101422000943880874501701327972114086151,15.6209179554624668639917217660695314407349,13.4555036065751387752698065014556050300598,13.4555036065751387752698065014556050300598,3.5200529424065769568130690458929166197777
15.10000,14.8971047615774292438572956598363816738129,15.5762333246491078142526021110825240612030,13.4221662391822089688275809749029576778412,13.4221662391822089688275809749029576778412,3.6290056078621186763655259710503742098808
15.20000,14.9839311534891042043682318762876093387604,15.5203791137467081995282569550909101963043,13.3803907163437507676917448407039046287537,13.3803907163437507676917448407039046287537,3.7435288345483099803345794498454779386520
15.30000,15.0704869728019161811971571296453475952148,15.4525649503081723423747462220489978790283,13.3303040382673891883769101696088910102844,13.3303040382673891883769101696088910102844,3.8624438465753097027288731624139472842216
15.40000,15.1566853463185733374984920374117791652679,15.3736443658239636533835437148809432983398,13.2726120673963787766069799545221030712128,13.2726120673963787766069799545221030712128,3.9851055773497785494896561431232839822769
15.50000,15.2425105358400170274535412318073213100433,15.2858501909054229628281973418779671192169,13.2084725941814209448921246803365647792816,13.2084725941814209448921246803365647792816,4.1114155383825972123190695128869265317917
15.60000,15.3280240116949126871759290224872529506683,15.1922212902015623114948539296165108680725,13.1393337613733418578476630500517785549164,13.1393337613733418578476630500517785549164,4.2415777791497930593322962522506713867188
15.70000,15.4133518219755352163247152930125594139099,15.0959935984635276184917529462836682796478,13.0668166064495618883256611297838389873505,13.0668166064495618883256611297838389873505,4.3757122075399390581651459797285497188568
15.80000,15.4986566025733445428613777039572596549988,15.0001480164881026979628586559556424617767,12.9926405727678275781045158510096371173859,12.9926405727678275781045158510096371173859,4.5135234735257947491504637582693248987198
15.90000,15.5841012293648617514918441884219646453857,14.9071205380808784468626981833949685096741,12.9185280535373845367530520888976752758026,12.9185280535373845367530520888976752758026,4.6541656603709693484915987937711179256439
16.00000,15.6698130340931811588234268128871917724609,14.8185848451355290933406649855896830558777,12.8460301125255593746032900526188313961029,12.8460301125255593746032900526188313961029,4.7963376541775915029575116932392120361328
16.10000,15.7558572271080290505551602109335362911224,14.7352918600758489020563501981087028980255,12.7762836490517859289184343651868402957916,12.7762836490517859289184343651868402957916,4.9385817890803069829530613787937909364700
16.20000,15.8422257766976226633914848207496106624603,14.6570561753164998464171731029637157917023,12.7097893012875431395514169707894325256348,12.7097893012875431395514169707894325256348,5.0797033494390371188842436822596937417984
16.30000,15.9288441087892653769131356966681778430939,14.5829597366121959112206241115927696228027,12.6463287705830804696915947715751826763153,12.6463287705830804696915947715751826763153,5.2191463042353012369289899652358144521713
16.40000,16.0155936088727202104564639739692211151123,14.5117085850387024237306832219474017620087,12.5850853151730959211818117182701826095581,12.5850853151730959211818117182701826095581,5.3571315635652325681803631596267223358154
16.50000,16.1023441255872405974969296948984265327454,14.4419659786533411960363082471303641796112,12.5249184372979112112034272286109626293182,12.5249184372979112112034272286109626293182,5.4944732296447611474832228850573301315308
16.60000,16.1889883956583595647771289804950356483459,14.3725093391811391541068587685003876686096,12.4646585050134675043409515637904405593872,12.4646585050134675043409515637904405593872,5.6321807248125645983805043215397745370865
16.70000,16.2754700292358513991075597004964947700500,14.3022069003030196654435712844133377075195,12.4033010431098595915955229429528117179871,12.4033010431098595915955229429528117179871,5.7710748433191518813600850990042090415955
16.80000,16.3617984149997752751914958935230970382690,14.2299477991340133087305730441585183143616,12.3400765962051277568889418034814298152924,12.3400765962051277568889418034814298152924,5.9115930217235339583226050308439880609512
16.90000,16.4480471677015032128110760822892189025879,14.1546765257123006165329570649191737174988,12.2744619342483876067717574187554419040680,12.2744619342483876067717574187554419040680,6.0537998249170277276220986095722764730453
17.00000,16.5343367527775413350354938302189111709595,14.0756023269538435016556832124479115009308,12.2062115251206080301926704123616218566895,12.2062115251206080301926704123616218566895,6.1975160294901705526626756181940436363220
17.10000,16.6208057298713320903971180086955428123474,13.9925312208409149405952121014706790447235,12.1354292474398004486602076212875545024872,12.1354292474398004486602076212875545024872,6.3424784558326479100287542678415775299072
17.20000,16.7075777534553893133306701201945543289185,13.9061463476353850410305312834680080413818,12.0626296128317527234230510657653212547302,12.0626296128317527234230510657653212547302,6.4884648754272689075150992721319198608398
17.30000,16.7947324050913096016302006319165229797363,13.8180217670857992118271795334294438362122,11.9887139248790841605796231306158006191254,11.9887139248790841605796231306158006191254,6.6353263224189422686549733043648302555084
17.40000,16.8822868847968372563173033995553851127625,13.7302874417229201498003021697513759136200,11.9148259647524241700011771172285079956055,11.9148259647524241700011771172285079956055,6.7829223970149108424720907351002097129822
17.50000,16.9701928329844378140478511340916156768799,13.6451175697909032891175229451619088649750,11.8421250569846936429030392901040613651276,11.8421250569846936429030392901040613651276,6.9310602888059547055377151991706341505051
17.60000,17.0583487978130641238294629147276282310486,13.5643535639975709727877983823418617248535,11.7715687817124834424475920968689024448395,11.7715687817124834424475920968689024448395,7.0795647983856682117220771033316850662231
17.70000,17.1466250561350932457571616396307945251465,13.4894372124065746731957915471866726875305,11.7037902060368050882743773399852216243744,11.7037902060368050882743773399852216243744,7.2284818564680568542257788067217916250229
17.80000,17.2348945746659225619623612146824598312378,13.4215426421538648327214104938320815563202,11.6390888327365882304320621187798678874969,11.6390888327365882304320621187798678874969,7.3782595513466127101764868712052702903748
17.90000,17.3230625430464186820245231501758098602295,13.3616261917058753994069775217212736606598,11.5774839254899326590475538978353142738342,11.5774839254899326590475538978353142738342,7.5297208837724287633363928762264549732208
18.00000,17.4110873993843355833632813300937414169312,13.3102055561531980032441424555145204067230,11.5187609338405589909370974055491387844086,11.5187609338405589909370974055491387844086,7.6837710878564164929116486746352165937424
18.10000,17.4989884369970987165743281366303563117981,13.2669516332015735571303594042547047138214,11.4624848612208030118608803604729473590851,11.4624848612208030118608803604729473590851,7.8409703477570653618045071198139339685440
18.20000,17.5868383833828509921204386046156287193298,13.2304018889021417493268018006347119808197,11.4080144048457459149403803166933357715607,11.4080144048457459149403803166933357715607,8.0012114625934991352096403716132044792175
18.30000,17.6747429848039985245122807100415229797363,13.1981151295378626997489845962263643741608,11.3545767886250086320387708838097751140594,11.3545767886250086320387708838097751140594,8.1637045370918421838268841383978724479675
18.40000,17.7628127437523239962047227891162037849426,13.1673627173397864709158966434188187122345,11.3014394002449503062734947889111936092377,11.3014394002449503062734947889111936092377,8.3272966606022116309304692549630999565125
18.50000,17.8511337936619511879143828991800546646118,13.1361057565810508407366796745918691158295,11.2481601103329644786299468250945210456848,11.2481601103329644786299468250945210456848,8.4909193295770730713911689235828816890717
18.60000,17.9397450094739490111805935157462954521179,13.1038338962731408798845222918316721916199,11.1948492791677871593947202200070023536682,11.1948492791677871593947202200070023536682,8.6538803474115191249893541680648922920227
18.70000,18.0286268227140134001729165902361273765564,13.0720006374629917900165310129523277282715,11.1423656131131050273097571334801614284515,11.1423656131131050273097571334801614284515,8.8158962339507933592130939359776675701141
18.80000,18.1177042555743490481745539000257849693298,13.0440460533321829217356935259886085987091,11.0923897273819243025627656606957316398621,11.0923897273819243025627656606957316398621,8.9769708541426851411415555048733949661255
18.90000,18.2068631636642273008419579127803444862366,13.0250721412158920742285772575996816158295,11.0473275003115869452585684484802186489105,11.0473275003115869452585684484802186489105,9.1372803042569454845533982734195888042450
19.00000,18.2959754651727024565843748860061168670654,13.0211109764970256463811892899684607982635,11.0099810218810070239214837783947587013245,11.0099810218810070239214837783947587013245,9.2971243979077140551225966191850602626801
19.10000,18.3849270151672818940369324991479516029358,13.0378526603204409894942727987654507160187,10.9829579938268686589708522660657763481140,10.9829579938268686589708522660657763481140,9.4568636878339855655895007657818496227264
19.20000,18.4736412433364165508464793674647808074951,13.0789900301394617088135419180616736412048,10.9679281793886804763360487413592636585236,10.9679281793886804763360487413592636585236,9.6167749146985190833447632030583918094635
19.30000,18.5620928028056120240307791391387581825256,13.1448342994155940033351726015098392963409,10.9650006763317033886551143950782716274261,10.9650006763317033886551143950782716274261,9.7769257495577992500557229504920542240143
19.40000,18.6503079736790056131212622858583927154541,13.2319325609516482700200867839157581329346,10.9725236497408911162665390293113887310028,10.9725236497408911162665390293113887310028,9.9371932351488716506082710111513733863831
19.50000,18.7383518146155374495265277801081538200378,13.3339260381250870324265633826144039630890,10.9874435637021843348293259623460471630096,10.9874435637021843348293259623460471630096,10.0973907253362575886512786382809281349182
19.60000,18.8263052781942938906922790920361876487732,13.4433069027714466869838361162692308425903,11.0061147124177409750700462609529495239258,11.0061147124177409750700462609529495239258,10.2573827561302568511791832861490547657013
19.70000,18.9142379280487666903809440555050969123840,13.5534210819823286442442622501403093338013,11.0252646365616104873197400593198835849762,11.0252646365616104873197400593198835849762,10.4171297369078743599857261870056390762329
19.80000,19.0021829337451322317065205425024032592773,13.6600470949438914658458088524639606475830,11.0427707549912934581470835837535560131073,11.0427707549912934581470835837535560131073,10.5766885187064350049013228272087872028351
19.90000,19.0901204265265178605659457389265298843384,13.7620624908653379492307067266665399074554,11.0579909293553804161547304829582571983337,11.0579909293553804161547304829582571983337,10.7362010586810932011303520994260907173157
20.00000,19.1779732370482669523426011437550187110901,13.8610439762377506411894501070491969585419,11.0715745578204476373684883583337068557739,11.0715745578204476373684883583337068557739,10.8958680976451223187950745341368019580841
20.10000,19.2656160369237490215255093062296509742737,13.9600693463347944600627670297399163246155,11.0848894752195672452899088966660201549530,11.0848894752195672452899088966660201549530,11.0559064328194089910084585426375269889832
20.20000,19.3528957273396891025640798034146428108215,14.0622950579465779696874960791319608688354,11.0993402024271876626926314202137291431427,11.0993402024271876626926314202137291431427,11.2165103804318917468663130421191453933716
20.30000,19.4396583389778569994632562156766653060913,14.1698741152841698465181252686306834220886,11.1158545294191704044806101592257618904114,11.1158545294191704044806101592257618904114,11.3778233954236878133770005661062896251678
20.40000,19.5257763272560289635748631553724408149719,14.2835068202938213488550900365225970745087,11.1346887728395547156878819805569946765900,11.1346887728395547156878819805569946765900,11.5399056018707408810541892307810485363007
20.50000,19.6111702488873618221987271681427955627441,14.4026059641112400555584827088750898838043,11.1555355114288889950557859265245497226715,11.1555355114288889950557859265245497226715,11.7027051901408203349319592234678566455841
20.60000,19.6958203129197215730528114363551139831543,14.5258559513002083463106828276067972183228,11.1778037290836511630232052993960678577423,11.1778037290836511630232052993960678577423,11.8660688060526275933170836651697754859924
20.70000,19.7797658156437705656571779400110244750977,14.6518686563199196370987920090556144714355,11.2009149449019531630256096832454204559326,11.2009149449019531630256096832454204559326,12.0298045821597838767047505825757980346680
20.80000,19.8630933814120922420443093869835138320923,14.7796614340220990868601802503690123558044,11.2244987070424482311636893427930772304535,11.2244987070424482311636893427930772304535,12.1937574013492948665771109517663717269897
20.90000,19.9459175484170216918755613733083009719849,14.9087923506637913817485241452232003211975,11.2484379387069175493252259911969304084778,11.2484379387069175493252259911969304084778,12.3578340216669779749736335361376404762268
21.00000,20.0283589381962841002859931904822587966919,15.0391652968148097357925507822073996067047,11.2727809601353055057870733435265719890594,11.2727809601353055057870733435265719890594,12.5219623147404846008612366858869791030884
21.10000,20.1105256196198638463101815432310104370117,15.1706839166759070991474800393916666507721,11.2975856665209537510463633225299417972565,11.2975856665209537510463633225299417972565,12.6860382032538616670080955373123288154602
21.20000,20.1925022263272566647174244280904531478882,15.3029829986734835500783447059802711009979,11.3227790239825658602512703510001301765442,11.3227790239825658602512703510001301765442,12.8499271770356067179363890318199992179871
21.30000,20.2743491640694983857429178897291421890259,15.4353893054337394374897485249675810337067,11.3480986752267813955086239730007946491241,11.3480986752267813955086239730007946491241,13.0135411190496732558585790684446692466736
21.40000,20.3561114002543597223393589956685900688171,15.5671390159407483366749147535301744937897,11.3731456534686508064169174758717417716980,11.3731456534686508064169174758717417716980,13.1769591092578064461804387974552810192108
21.50000,20.4378335742802619279245845973491668701172,15.6977542986019500403926940634846687316895,11.3975332965053102185493116849102079868317,11.3975332965053102185493116849102079868317,13.3405212798715897548618158907629549503326
21.60000,20.5195762017196798865370510611683130264282,15.8273783101335414613686225493438541889191,11.4210774025443946300129027804359793663025,11.4210774025443946300129027804359793663025,13.5047997067644320878798680496402084827423
21.70000,20.6014270792117457631320576183497905731201,15.9568677809398380418315355200320482254028,11.4439480387075640521743480348959565162659,11.4439480387075640521743480348959565162659,13.6703987827364557006148970685899257659912
21.80000,20.6835028301782095638827740913257002830505,16.0876138309370801948716689366847276687622,11.4667074813030716029516042908653616905212,11.4667074813030716029516042908653616905212,13.8377016985091483292080738465301692485809
21.90000,20.7659377017066155701741081429645419120789,16.2211720031690411758518166607245802879333,11.4901974221233391659779954352416098117828,11.4901974221233391659779954352416098117828,14.0067148606289819667836127337068319320679
22.00000,20.8488597348752833227081282529979944229126,16.3588156741049957076938881073147058486938,11.5153036735292175762879196554422378540039,11.5153036735292175762879196554422378540039,14.1770680619218438778261770494282245635986
22.10000,20.9323575657706371089261665474623441696167,16.5012085560108694437531084986403584480286,11.5426921075581496722861629677936434745789,11.5426921075581496722861629677936434745789,14.3481819066652089844637885107658803462982
22.20000,21.0164436056894956550422648433595895767212,16.6483323920594621370128152193501591682434,11.5726347257632795617610099725425243377686,11.5726347257632795617610099725425243377686,14.5195065462224022212467389181256294250488
22.30000,21.1010205875917371542982436949387192726135,16.7996498775332518960112793138250708580017,11.6050008371835602360988559667021036148071,11.6050008371835602360988559667021036148071,14.6906687907578668017549716751091182231903
22.40000,21.1858581769793836713233758928254246711731,16.9543757997448381047433940693736076354980,11.6393970896321476971024821978062391281128,11.6393970896321476971024821978062391281128,14.8614397974599263818618055665865540504456
22.50000,21.2705846665979656506806350080296397209167,17.1117347372463655119645409286022186279297,11.6753666456301701259690162260085344314575,11.6753666456301701259690162260085344314575,15.0315861125839926870639828848652541637421
22.60000,21.3546961955595229198934248415753245353699,17.2711682205960599389982235152274370193481,11.7125473165510154416324439807794988155365,11.7125473165510154416324439807794988155365,15.2007697830535519756267603952437639236450
22.70000,21.4375831172041166894359776051715016365051,17.4324950994438410134534933604300022125244,11.7507290154129062642596181831322610378265,11.7507290154129062642596181831322610378265,15.3686201858221433980133951990865170955658
22.80000,21.5185706976935691159269481431692838668823,17.5959542710804903720145375700667500495911,11.7898004947619128301994351204484701156616,11.7898004947619128301994351204484701156616,15.5349239792502356038994548725895583629608
22.90000,21.5969696456352373559184343321248888969421,17.7620001335325028435363492462784051895142,11.8296082066209304883841468836180865764618,11.8296082066209304883841468836180865764618,15.6997533659258774463296504109166562557220
23.00000,21.6721311540094419001434289384633302688599,17.9308384700900234065557015128433704376221,11.8697783097630669146838044980540871620178,11.8697783097630669146838044980540871620178,15.8634130045733314773315214551985263824463
23.10000,21.7435010554918513037137017818167805671692,18.1019327199201640610226604621857404708862,11.9095906897944949776046996703371405601501,11.9095906897944949776046996703371405601501,16.0262523958230254095269629033282399177551
23.20000,21.8106681296869062691712315427139401435852,18.2738324482477487720188946695998311042786,11.9480085896030931991163015482015907764435,11.9480085896030931991163015482015907764435,16.1884833987284686429575231159105896949768
23.30000,21.8734023634817127401674952125176787376404,18.4445226361209577703448303509503602981567,11.9839096365347490547037523356266319751740,11.9839096365347490547037523356266319751740,16.3501057265331688483911420917138457298279
23.40000,21.9316799559694821653010876616463065147400,18.6121487140582360098051140084862709045410,12.0164431146472363565180785371921956539154,12.0164431146472363565180785371921956539154,16.5109424407332419093563657952472567558289
23.50000,21.9856930591923713791402406059205532073975,18.7756995636296792895336693618446588516235,12.0453344924391938519647737848572432994843,12.0453344924391938519647737848572432994843,16.6707236379436629647443623980507254600525
23.60000,22.0358436444767953332757315365597605705261,18.9352342979728334171340975444763898849487,12.0709560886934195167441430385224521160126,12.0709560886934195167441430385224521160126,16.8291657650627897169215430039912462234497
23.70000,22.0827223978400191128912410931661725044250,19.0915102407890842073356907349079847335815,12.0940988105905145033602821058593690395355,12.0940988105905145033602821058593690395355,16.9860350174480707607926888158544898033142
23.80000,22.1270749847183729741573188221082091331482,19.2452350493205166515053861076012253761292,12.1155506985981649137329441145993769168854,12.1155506985981649137329441145993769168854,17.1412086368425597981968167005106806755066
23.90000,22.1697591180092743456953030545264482498169,19.3964063592441355865503282984718680381775,12.1357133869189439678848430048674345016479,12.1357133869189439678848430048674345016479,17.2947387034155219964759453432634472846985
24.00000,22.2116963680048620233264955459162592887878,19.5441601027596369988259539240971207618713,12.1544829518073012053491765982471406459808,12.1544829518073012053491765982471406459808,17.4468905671498966114540962735190987586975
24.10000,22.2538224510009570167312631383538246154785,19.6872430818953318976127775385975837707520,12.1714720748293849794663401553407311439514,12.1714720748293849794663401553407311439514,17.5981213832375154026976815657690167427063
24.20000,22.2970389029734157304574182489886879920959,19.8248596128635519164618017384782433509827,12.1864414335930248967088118661195039749146,12.1864414335930248967088118661195039749146,17.7490156486509178535015962552279233932495
24.30000,22.3421678401351044840339454822242259979248,19.9573742796880004846116207772865891456604,12.1996758252172465830653891316615045070648,12.1996758252172465830653891316615045070648,17.9001904693886118025147879961878061294556
24.40000,22.3899102625478150230264873243868350982666,20.0863137379054172981796000385656952857971,12.2120724940986242756935098441317677497864,12.2120724940986242756935098441317677497864,18.0520790122559837698190676746889948844910
24.50000,22.4408073681700166446262301178649067878723,20.2135185751836559120420133695006370544434,12.2248879169352555607019894523546099662781,12.2248879169352555607019894523546099662781,18.2045501094831649879779433831572532653809
24.60000,22.4952038336258688389079907210543751716614,20.3399309423925416240308550186455249786377,12.2393058793698852326770065701566636562347,12.2393058793698852326770065701566636562347,18.3565230172786364448711537988856434822083
24.70000,22.5532121889943262260658229934051632881165,20.4648126955997327058867085725069046020508,12.2561030368334691331710928352549672126770,12.2561030368334691331710928352549672126770,18.5058188109271242183240246959030628204346
24.80000,22.6146785243702517220754089066758751869202,20.5859146204843845850973593769595026969910,12.2756109777696327256535369087941944599152,12.2756109777696327256535369087941944599152,18.6493711893153708558656944660469889640808
24.90000,22.6791520388610230440917803207412362098694,20.7004682034351183972376020392403006553650,12.2979475354878182713491696631535887718201,12.2979475354878182713491696631535887718201,18.7837251713205048986310430336743593215942
25.00000,22.7458642639442594202137115644291043281555,20.8063457341315434234729764284566044807434,12.3232748502488327346782170934602618217468,12.3232748502488327346782170934602618217468,18.9056602975781409270439326064661145210266
25.10000,22.8137273766460779711451323237270116806030,20.9027069980804149906816746806725859642029,12.3518037054612896952221490209922194480896,12.3518037054612896952221490209922194480896,19.0128269638039135713825089624151587486267
25.20000,22.8813633693629157050963840447366237640381,20.9898925068420076911479554837569594383240,12.3834512992160110655959215364418923854828,12.3834512992160110655959215364418923854828,19.1043532777728977123388176551088690757751
25.30000,22.9471752121798502344063308555632829666138,21.0687867953269929444104491267353296279907,12.4173525580914958510447831940837204456329,12.4173525580914958510447831940837204456329,19.1812568913238479240135347936302423477173
25.40000,23.0094663109968351477618853095918893814087,21.1401111914324495444361673435196280479431,12.4515925291328848345528967911377549171448,12.4515925291328848345528967911377549171448,19.2463924441635114703785802703350782394409
25.50000,23.0666055440987456393031607149168848991394,21.2040310822117952227472414961084723472595,12.4834188169978634874723866232670843601227,12.4834188169978634874723866232670843601227,19.3037989923148138871056289644911885261536
25.60000,23.1172234263118134833803196670487523078918,21.2602156343776194091788056539371609687805,12.5099035227800445824186681420542299747467,12.5099035227800445824186681420542299747467,19.3576320151293472804354678373783826828003
25.70000,23.1604131000406887608278339030221104621887,21.3082224118474243823584401980042457580566,12.5287838378418943108272287645377218723297,12.5287838378418943108272287645377218723297,19.4110678362043209688181377714499831199646
25.80000,23.1959009173657797475698316702619194984436,21.3479304010250849898966407636180520057678,12.5391448381875161288689923821948468685150,12.5391448381875161288689923821948468685150,19.4655416420158324797284876694902777671814
25.90000,23.2241481415873920468584401533007621765137,21.3797460222054951373138464987277984619141,12.5416915355731237724512538989074528217316,12.5416915355731237724512538989074528217316,19.5205110926466396392697788542136549949646
26.00000,23.2463498424157073429796582786366343498230,21.4044192828517942928101547295227646827698,12.5385187164131739478989402414299547672272,12.5385187164131739478989402414299547672272,19.5737316924411572927056113258004188537598
26.10000,23.2643104763519978916974650928750634193420,21.4225281032720893392706784652546048164368,12.5324717101542404407155117951333522796631,12.5324717101542404407155117951333522796631,19.6218951593156063495371199678629636764526
26.20000,23.2801976164418427117652754532173275947571,21.4338748655787370012149040121585130691528,12.5263453246964751031100604450330138206482,12.5263453246964751031100604450330138206482,19.6613818326276330594737373758107423782349
26.30000,23.2962033045999099556411238154396414756775,21.4371958880611153119843947933986783027649,12.5222206917888154720230886596255004405975,12.5222206917888154720230886596255004405975,19.6889578090833943235793412895873188972473
26.40000,23.3141708470974187150659417966380715370178,21.4304542877786410315366083523258566856384,12.5211445564036196742563333828002214431763,12.5211445564036196742563333828002214431763,19.7023360220688203980898833833634853363037
26.50000,23.3352645647228342795642674900591373443604,21.4116099069463352577713521895930171012878,12.5231619307608781355156679637730121612549,12.5231619307608781355156679637730121612549,19.7005506101474168190179625526070594787598
26.60000,23.3597610596217677425556757953017950057983,21.3794543161890118199153221212327480316162,12.5275502199505375244825700065121054649353,12.5275502199505375244825700065121054649353,19.6841149359097045135058579035103321075439
26.70000,23.3870172159309888115785724949091672897339,21.3340726807701059897226514294743537902832,12.5330694600228405022335209650918841362000,12.5330694600228405022335209650918841362000,19.6549509766554137968341819941997528076172
26.80000,23.4156263990204358549362950725480914115906,21.2767168754006981146176258334890007972717,12.5381329044315030785128328716382384300232,12.5381329044315030785128328716382384300232,19.6160774655581278125282551627606153488159
26.90000,23.4437246244603230138636718038469552993774,21.2091839674485456157526641618460416793823,12.5409302403791365065899299224838614463806,12.5409302403791365065899299224838614463806,19.5710481111505956164364761207252740859985
27.00000,23.4693710953083787273953930707648396492004,21.1330316810462619514510151930153369903564,12.5396074528527350366857717745006084442139,12.5396074528527350366857717745006084442139,19.5231878706491706054748647147789597511292
27.10000,23.4909145911754571045548800611868500709534,21.0490244130837673708356305724009871482849,12.5325742537931326125999476062133908271790,12.5325742537931326125999476062133908271790,19.4747904966729592501906154211610555648804
27.20000,23.5072694478005317364477377850562334060669,20.9570790859624018764861830277368426322937,12.5188990661659076408795954193919897079468,12.5188990661659076408795954193919897079468,19.4265504014311183311747299740090966224670
27.30000,23.5180541746319420326472027227282524108887,20.8567488198001669275072345044463872909546,12.4986460134712338287954480620101094245911,12.4986460134712338287954480620101094245911,19.3775109674896377498498623026534914970398
27.40000,23.5235814977336268327690049773082137107849,20.7480248707420464882034139009192585945129,12.4729832800641258216955975512973964214325,12.4729832800641258216955975512973964214325,19.3256398083474216775812237756326794624329
27.50000,23.5247219733232313387816247995942831039429,20.6320798841476111817883065668866038322449,12.4439653300149188908108044415712356567383,12.4439653300149188908108044415712356567383,19.2688711974410047389483224833384156227112
27.60000,23.5226880676941618730779737234115600585938,20.5115712940953827114753948990255594253540,12.4140282302049982376956904772669076919556,12.4140282302049982376956904772669076919556,19.2062029013795481091619876679033041000366
27.70000,23.5187974146179783474508440122008323669434,20.3902679569468396891807060455903410911560,12.3853756928013662985677001415751874446869,12.3853756928013662985677001415751874446869,19.1383139859620818867824709741398692131042
27.80000,23.5142704112817320094563910970464348793030,20.2720677414282732797801145352423191070557,12.3594995192111234416643128497526049613953,12.3594995192111234416643128497526049613953,19.0673391142877584059078799327835440635681
27.90000,23.5100990928546380587249586824327707290649,20.1598368503355196423854067688807845115662,12.3370196889922443261866646935231983661652,12.3370196889922443261866646935231983661652,18.9958965652056654960233572637662291526794
28.00000,23.5069965401177718433700647437945008277893,20.0546834949122825264566927216947078704834,12.3178684392748092335523324436508119106293,12.3178684392748092335523324436508119106293,18.9259431564804359027220925781875848770142
28.10000,23.5054082459868247667600371642038226127625,19.9560562755459116601741698104888200759888,12.3016747147891525315799299278296530246735,12.3016747147891525315799299278296530246735,18.8581150919544313637743471190333366394043
28.20000,23.5055491097561386482084344606846570968628,19.8625428486533301963845588034018874168396,12.2881236654458607659989866078831255435944,12.2881236654458607659989866078831255435944,18.7918446275177473125950200483202934265137
28.30000,23.5074285110212315430544549599289894104004,19.7728250164629990592857211595401167869568,12.2771009560917043756944622145965695381165,12.2771009560917043756944622145965695381165,18.7260516153008254036649304907768964767456
28.40000,23.5108408692738670708877180004492402076721,19.6861958004110597642011271091178059577942,12.2685576921966976726707798661664128303528,12.2685576921966976726707798661664128303528,18.6599212852915314897472853772342205047607
28.50000,23.5153233141664088634570362046360969543457,19.6023722336382917319497209973633289337158,12.2621920329226341550565848592668771743774,12.2621920329226341550565848592668771743774,18.5933114819594322852935874834656715393066
28.60000,23.5201052241598773662190069444477558135986,19.5208100529165484715576894814148545265198,12.2571576539582114406812252127565443515778,12.2571576539582114406812252127565443515778,18.5265999691599994037005671998485922813416
28.70000,23.5240866827095480573461827589198946952820,19.4400118812628228681660402799025177955627,12.2519977472436529808419436449185013771057,12.2519977472436529808419436449185013771057,18.4601030694850685165420145494863390922546
28.80000,23.5258788204406137367641349555924534797668,19.3572861781867509023413731483742594718933,12.2448590269830628329827959532849490642548,12.2448590269830628329827959532849490642548,18.3934469446612354204262373968958854675293
28.90000,23.5239196761603253094108367804437875747681,19.2691606961882975213029567385092377662659,12.2338656295595527012665115762501955032349,12.2338656295595527012665115762501955032349,18.3253491132295174281807703664526343345642
29.00000,23.5166524937626988389638427179306745529175,19.1723036198553415943024447187781333923340,12.2174556239219995745770575013011693954468,12.2174556239219995745770575013011693954468,18.2540448657740412841121724341064691543579
29.10000,23.5027306431090892147039994597434997558594,19.0645043344388156469904060941189527511597,12.1945421632962016644796676700934767723083,12.1945421632962016644796676700934767723083,18.1781506509554979800213914131745696067810
29.20000,23.4812037751345243918876803945749998092651,18.9452132727873170381371892290189862251282,12.1644950350153244755802006693556904792786,12.1644950350153244755802006693556904792786,18.0974269778911924788644682848826050758362
29.30000,23.4516457704750820312256109900772571563721,18.8154048418627972694139316445216536521912,12.1270481838769903504271496785804629325867,12.1270481838769903504271496785804629325867,18.0129542445838985997852432774379849433899
29.40000,23.4142018728040994801631313748657703399658,18.6769346425335065475792362121865153312683,12.0822589317808475328774875379167497158051,12.0822589317808475328774875379167497158051,17.9266186517759109619873925112187862396240
29.50000,23.3695522178152721437527361558750271797180,18.5318238448774579296696174424141645431519,12.0305771619788632875724943005479872226715,12.0305771619788632875724943005479872226715,17.8402217387350070509910437976941466331482
29.60000,23.3188050908218755807865818496793508529663,18.3818508806482654449609981384128332138062,11.9729796394813554627489793347194790840149,11.9729796394813554627489793347194790840149,17.7546966925074301002496213186532258987427
29.70000,23.2633425701611677993696503108367323875427,18.2285426357354758408746420172974467277527,11.9110457540868406312029037508182227611542,11.9110457540868406312029037508182227611542,17.6697936977229588251248060259968042373657
29.80000,23.2046441055187138147175573976710438728333,18.0733638178314528488499490777030587196350,11.8468415922879835022740735439583659172058,11.8468415922879835022740735439583659172058,17.5843247387741996590193593874573707580566
29.90000,23.1441122989724448189008398912847042083740,17.9177924977076159507305419538170099258423,11.7825588883165259801444335607811808586121,11.7825588883165259801444335607811808586121,17.4967870200470088093425147235393524169922
30.00000,23.0829220185826571309917198959738016128540,17.7630981789578257235007185954600572586060,11.7199979793136677130860334727913141250610,11.7199979793136677130860334727913141250610,17.4060242389131474283203715458512306213379
30.10000,23.0219101426502632534720760304480791091919,17.6099203178097134525614819722250103950500,11.6601095275804418349707702873274683952332,11.6601095275804418349707702873274683952332,17.3116114052990965888056962285190820693970
30.20000,22.9615185617754562485970382113009691238403,17.4579820356508221834701544139534235000610,11.6028244956399060328067207592539489269257,11.6028244956399060328067207592539489269257,17.2138516061464699191674299072474241256714
30.30000,22.9017968350535596755435108207166194915771,17.3062728557352016878212452866137027740479,11.5472745559537202097999397665262222290039,11.5472745559537202097999397665262222290039,17.1135205788813209437648765742778778076172
30.40000,22.8424628377993244043864251580089330673218,17.1536356013291957367528084432706236839294,11.4923072958338394755628542043268680572510,11.4923072958338394755628542043268680572510,17.0114838474608411900135251926258206367493
30.50000,22.7830107208832544074539327993988990783691,16.9996149458500482865019876044243574142456,11.4370577596896385585978350718505680561066,11.4370577596896385585978350718505680561066,16.9085101473540255767602502601221203804016
30.60000,22.7228474997387515088576037669554352760315,16.8450656255680009110164974117651581764221,11.3813357109848798387474744231440126895905,11.3813357109848798387474744231440126895905,16.8052417033369927423791523324325680732727
30.70000,22.6614349183983954105769953457638621330261,16.6921537190678819229106011334806680679321,11.3257141983983125044233020162209868431091,11.3257141983983125044233020162209868431091,16.7021602406696558773546712473034858703613
30.80000,22.5984133992483258168704196577891707420349,16.5438512781637605542073288233950734138489,11.2713663346435719603277902933768928050995,11.2713663346435719603277902933768928050995,16.5995320081249424504221678944304585456848
30.90000,22.5336897139483873786502954317256808280945,16.4031966384636902489546628203243017196655,11.2197906606947537255791758070699870586395,11.2197906606947537255791758070699870586395,16.4973050310225701764466066379100084304810
31.00000,22.4674776585773905424048280110582709312439,16.2726759777321419164763938169926404953003,11.1725490685986112993077767896465957164764,11.1725490685986112993077767896465957164764,16.3950554991123063075519894482567906379700
31.10000,22.4002889991637914590683067217469215393066,16.1539600640988787461083120433613657951355,11.1310559816542262723260137136094272136688,11.1310559816542262723260137136094272136688,16.2921370999542141078109125373885035514832
31.20000,22.3328784476359452071392297511920332908630,16.0479392652125554263875528704375028610229,11.0963886419851451847762291436083614826202,11.0963886419851451847762291436083614826202,16.1880404288782138166880031349137425422668
31.30000,22.2661510202329004926014022203162312507629,15.9547641354249325473801945918239653110504,11.0690961088026913472504020319320261478424,11.0690961088026913472504020319320261478424,16.0827229380524521218376321485266089439392
31.40000,22.2010435602733551263554545585066080093384,15.8735741944556263405274876276962459087372,11.0490561272505587453451880719512701034546,11.0490561272505587453451880719512701034546,15.9765055002278657525494054425507783889771
31.50000,22.1383953613530550796895113307982683181763,15.8022321428189460590374437742866575717926,11.0354910168624087418720591813325881958008,11.0354910168624087418720591813325881958008,15.8696454704471836549828367424197494983673
31.60000,22.0788257496136424151700339280068874359131,15.7377461781175771449170497362501919269562,11.0272317215954913649511581752449274063110,11.0272317215954913649511581752449274063110,15.7621084845402350538279279135167598724365
31.70000,22.0226380728905937189665564801543951034546,15.6772943927224268634290638146921992301941,11.0231953954760051317407487658783793449402,11.0231953954760051317407487658783793449402,15.6535416746610103189141227630898356437683
31.80000,21.9697680837589111035867972532287240028381,15.6195113009941213277897986699827015399933,11.0228802260185378969481462263502180576324,11.0228802260185378969481462263502180576324,15.5435189327159566374803034705109894275665
31.90000,21.9197889066709024064039113000035285949707,15.5653427906188763785166884190402925014496,11.0265984371777481243270813138224184513092,11.0265984371777481243270813138224184513092,15.4319348229342825362664370913989841938019
32.00000,21.8719748129801274671990540809929370880127,15.5177916065982319793192800716497004032135,11.0352564717789842774209319031797349452972,11.0352564717789842774209319031797349452972,15.3192534760203891153196309460327029228210
32.10000,21.8254139547063026327577972551807761192322,15.4803922787304291119880872429348528385162,11.0497438995002195127881350344978272914886,11.0497438995002195127881350344978272914886,15.2063184344362909428127750288695096969604
32.20000,21.7791494940507739386248431401327252388000,15.4551223260993850772138102911412715911865,11.0702694489544857248120024451054632663727,11.0702694489544857248120024451054632663727,15.0937329222411893425714879413135349750519
32.30000,21.7323227225089965486404253169894218444824,15.4410805931868608809054421726614236831665,11.0960554381571174786813571699894964694977,11.0960554381571174786813571699894964694977,14.9812924393816206958263137494213879108429
32.40000,21.6842927222722323676862288266420364379883,15.4348118824070876797804885427467525005341,11.1255606351706735068773923558183014392853,11.1255606351706735068773923558183014392853,14.8679833343379712573550932575017213821411
32.50000,21.6347142321086991501033480744808912277222,15.4318835601455042194629641016945242881775,11.1570411515076433062176874955184757709503,11.1570411515076433062176874955184757709503,14.7525154892389185334877765853889286518097
32.60000,21.5835657153575439792803081218153238296509,15.4285746578841838072548853233456611633301,11.1890929567912724706957305897958576679230,11.1890929567912724706957305897958576679230,14.6339544596591810687868928653188049793243
32.70000,21.5311295285450192693588178372010588645935,15.4228469764907014649679695139639079570770,11.2209309833708754666758977691642940044403,11.2209309833708754666758977691642940044403,14.5121145382939680246181524125859141349792
32.80000,21.4779329264592817594348161946982145309448,15.4144634771092281511073451838456094264984,11.2523886250278017939763230970129370689392,11.2523886250278017939763230970129370689392,14.3876191535129063225895151845179498195648
32.90000,21.4246616340099436115451680961996316909790,15.4045672418271504255926629411987960338593,11.2837840405264984156019636429846286773682,11.2837840405264984156019636429846286773682,14.2616607947840972059339037514291703701019
33.00000,21.3720576222879188321712717879563570022583,15.3951011649383957546888268552720546722412,11.3158087237094360233413681271485984325409,11.3158087237094360233413681271485984325409,14.1355413398074407638205229886807501316071
33.10000,21.3208111173990459974447730928659439086914,15.3882781334007088247517458512447774410248,11.3494728320280664490837807534262537956238,11.3494728320280664490837807534262537956238,14.0101435867436219240289574372582137584686
33.20000,21.2714554410527938443919993005692958831787,15.3861337037302021713003341574221849441528,11.3860046895246842524329622392542660236359,11.3860046895246842524329622392542660236359,13.8855797657336257344695695792324841022491
33.30000,21.2242732500468207490484928712248802185059,15.3901425347019955580663008731789886951447,11.4265771065182910604107746621593832969666,11.4265771065182910604107746621593832969666,13.7612615717122324099364050198346376419067
33.40000,21.1792243253680751990941644180566072463989,15.4008985757504142100060562370344996452332,11.4718581134254318243392845033667981624603,11.4718581134254318243392845033667981624603,13.6364066742676239840648122481070458889008
33.50000,21.1359070677811686778113653417676687240601,15.4178764656899609519769001053646206855774,11.5215659467496234213967909454368054866791,11.5215659467496234213967909454368054866791,13.5106516399718810106378441560082137584686
33.60000,21.0935659097187340194068383425474166870117,15.4393417637825862698264245409518480300903,11.5742947841561036881330437608994543552399,11.5742947841561036881330437608994543552399,13.3843181051891129129671753617003560066223
33.70000,21.0511526219974527407430286984890699386597,15.4625401171492473650914689642377197742462,11.6277770056038693979871823103167116641998,11.6277770056038693979871823103167116641998,13.2581387279389613098601330420933663845062
33.80000,21.0074403386250416758684878004714846611023,15.4842434060314975141636750777252018451691,11.6795084239311073304179444676265120506287,11.6795084239311073304179444676265120506287,13.1326668967943245291962739429436624050140
33.90000,20.9611769956888132071526342770084738731384,15.5015317732456452404221636243164539337158,11.7274454938164662820554440259002149105072,11.7274454938164662820554440259002149105072,13.0078177813015258834639098495244979858398
34.00000,20.9112537431526348541410698089748620986938,15.5125027286790828640050676767714321613312,11.7704397499630779577728389995172619819641,11.7704397499630779577728389995172619819641,12.8828769719055618026004594867117702960968
34.10000,20.8568579526599044982049235841259360313416,15.5166024693949466950471105519682168960571,11.8082358910913534089104359736666083335876,11.8082358910913534089104359736666083335876,12.7569886398721408227174833882600069046021
34.20000,20.7975822067622146960275131277740001678467,15.5144790366521672098087947233580052852631,11.8411210374694135794015892315655946731567,11.8411210374694135794015892315655946731567,12.6298191684755529706762899877503514289856
34.30000,20.7334697135113117383298231288790702819824,15.5075053947194483328075875760987401008606,11.8695071308798620890456732013262808322906,11.8695071308798620890456732013262808322906,12.5019608464710358930460643023252487182617
34.40000,20.6649898800690898781340365530923008918762,15.4972488219010759991078884922899305820465,11.8937331524102951618715451331809163093567,11.8937331524102951618715451331809163093567,12.3747723971495773298556741792708635330200
34.50000,20.5929511600922658942636189749464392662048,15.4851191939099930294787554885260760784149,11.9141896073673940747994492994621396064758,11.9141896073673940747994492994621396064758,12.2496911392674743268571546650491654872894
34.60000,20.5183685163060616218899667728692293167114,15.4722748545684805066002809326164424419403,11.9316229511242521965641572023741900920868,11.9316229511242521965641572023741900920868,12.1273974686260359590050939004868268966675
34.70000,20.4423086348266735967627028003334999084473,15.4597223595334813950330499210394918918610,11.9473388199850507618293704581446945667267,11.9473388199850507618293704581446945667267,12.0073533543900552444938512053340673446655
34.80000,20.3657377206509302425274654524400830268860,15.4484466113044085489036660874262452125549,11.9630790864207217083503564936108887195587,11.9630790864207217083503564936108887195587,11.8880261591138935983735791523940861225128
34.90000,20.2893950853491311647758266190066933631897,15.4393464979973824569015050656162202358246,11.9805588724987881477090922999195754528046,11.9805588724987881477090922999195754528046,11.7676238383489355499023076845332980155945
35.00000,20.2137113147844580396395031129941344261169,15.4329180263806744477506072144024074077606,12.0008790473436803836193575989454984664917,12.0008790473436803836193575989454984664917,11.6448712464777717201513951295055449008942
35.10000,20.1387829009922754153194546233862638473511,15.4288875231630147055739143979735672473907,12.0241270879922197423184115905314683914185,12.0241270879922197423184115905314683914185,11.5194162481708506362565458402968943119049
35.20000,20.0644063876553673253511078655719757080078,15.4260521549517655159888818161562085151672,12.0493789741457515418687762576155364513397,12.0493789741457515418687762576155364513397,11.3917005943156297576024371664971113204956
35.30000,19.9901652749352116700265469262376427650452,15.4224833616306149508545786375179886817932,12.0750908937181566926710729603655636310577,12.0750908937181566926710729603655636310577,11.2624668491295132355389796430245041847229
35.40000,19.9155535826250158493166964035481214523315,15.4161277558326741399241655017249286174774,12.0996800136388333868353583966381847858429,12.0996800136388333868353583966381847858429,11.1323213111800249919269845122471451759338
35.50000,19.8401129399368834071992750978097319602966,15.4057218561531055200930495630018413066864,12.1220501436597878353040869114920496940613,12.1220501436597878353040869114920496940613,11.0017345087704132566841508378274738788605
35.60000,19.7635572220743078730720299063250422477722,15.3917759243426797155507301795296370983124,12.1419088159716839214752326370216906070709,12.1419088159716839214752326370216906070709,10.8715155144736179693154554115608334541321
35.70000,19.6858611316788341127903549931943416595459,15.3771890443777117241097585065290331840515,12.1598497017764870520295517053455114364624,12.1598497017764870520295517053455114364624,10.7433507725035752855546888895332813262939
35.80000,19.6072963029977280768889613682404160499573,15.3669852190081908105412367149256169795990,12.1772484635696383037384293857030570507050,12.1772484635696383037384293857030570507050,10.6197845948666405035964999115094542503357
35.90000,19.5284086645358989642318192636594176292419,15.3669256121651365276647993596270680427551,12.1960205323969272939166330615989863872528,12.1960205323969272939166330615989863872528,10.5032932119071826804201919003389775753021
36.00000,19.4499414645036594606608559843152761459351,15.3813847044417730813847811077721416950226,12.2182618989163671585629344917833805084229,12.2182618989163671585629344917833805084229,10.3948023711126946722060893080197274684906
36.10000,19.3727174713308478715134697267785668373108,15.4115147687608011750626246794126927852631,12.2458010044245177994071127614006400108337,12.2458010044245177994071127614006400108337,10.2926302312426152241187082836404442787170
36.20000,19.2975004182426950194439996266737580299377,15.4547621314534904257698144647292792797089,12.2797507433450796554552653105929493904114,12.2797507433450796554552653105929493904114,10.1927610630060243579464440699666738510132
36.30000,19.2248595656009015897325298283249139785767,15.5060199522165440555454551940783858299255,12.3202140813288316678608680376783013343811,12.3202140813288316678608680376783013343811,10.0904513551597840859130883472971618175507
36.40000,19.1550620041307375629457965260371565818787,15.5596817061699930206941644428297877311707,12.3662812274083844243932617246173322200775,12.3662812274083844243932617246173322200775,9.9821812554839617348534375196322798728943
36.50000,19.0880142524095646194837172515690326690674,15.6114746782792241930337695521302521228790,12.4163324848352001339435446425341069698334,12.4163324848352001339435446425341069698334,9.8668239610183885446303975186310708522797
36.60000,19.0232671193429894174187211319804191589355,15.6593506195637406364085109089501202106476,12.4685043282473397852072594105266034603119,12.4685043282473397852072594105266034603119,9.7456090824120522597695526201277971267700
36.70000,18.9600860327125069204612373141571879386902,15.7033108996506332033504804712720215320587,12.5211005913332282801775363623164594173431,12.5211005913332282801775363623164594173431,9.6211957496966853398134844610467553138733
36.80000,18.8975751546626895560621051117777824401855,15.7444622028427563265040589612908661365509,12.5727849548602428342292114393785595893860,12.5727849548602428342292114393785595893860,9.4964674477849619904645805945619940757751
36.90000,18.8348312551077690102374617708846926689148,15.7838300131879787358002431574277579784393,12.6225337847524929912879088078625500202179,12.6225337847524929912879088078625500202179,9.3735936987907599871050479123368859291077
37.00000,18.7710963617626482857758674072101712226868,15.8215059623254123977176277549006044864655,12.6694704707893031070398137671872973442078,12.6694704707893031070398137671872973442078,9.2536613825094544694138676277361810207367
37.10000,18.7058789503335063386657566297799348831177,15.8565313185647873694961162982508540153503,12.7127588943590321690635391860269010066986,12.7127588943590321690635391860269010066986,9.1368924801802258173211157554760575294495
37.20000,18.6390214881816156378135929116979241371155,15.8875240939124076078314828919246792793274,12.7516716761694635096091587911359965801239,12.7516716761694635096091587911359965801239,9.0232022297550962264267582213506102561951
37.30000,18.5707046520389909005643858108669519424438,15.9136246801907734749192968592979013919830,12.7858126497112856156945781549438834190369,12.7858126497112856156945781549438834190369,8.9127040328071949204513657605275511741638
37.40000,18.5013916494326231543254834832623600959778,15.9351878975507119662324839737266302108765,12.8153522401038202360723516903817653656006,12.8153522401038202360723516903817653656006,8.8058750667756946484132640762254595756531
37.50000,18.4317266070156478008357225917279720306396,15.9538230260478481881136758602224290370941,12.8410989588066399846866261214017868041992,12.8410989588066399846866261214017868041992,8.7033517154502142432193068088963627815247
37.60000,18.3624072766853139171416842145845293998718,15.9717149816549355278993971296586096286774,12.8642969547079228931352190556935966014862,12.8642969547079228931352190556935966014862,8.6055283489244018824138038326054811477661
37.70000,18.2940541318759670730287325568497180938721,15.9905447625836938385646135429851710796356,12.8861811128171996898572615464217960834503,12.8861811128171996898572615464217960834503,8.5122366688252633082356624072417616844177
37.80000,18.2270961937984985468119703000411391258240,16.0106476209738737281895737396553158760071,12.9074737392979930206138305948115885257721,12.9074737392979930206138305948115885257721,8.4227963361763880101307222503237426280975
37.90000,18.1616900751535261804292531451210379600525,16.0309631824046867620836565038189291954041,12.9280770428174864861148307682015001773834,12.9280770428174864861148307682015001773834,8.3364991719232381939264087122865021228790
38.00000,18.0976837612618659534291509771719574928284,16.0497693012442645965620613424107432365417,12.9471356952164811104921682272106409072876,12.9471356952164811104921682272106409072876,8.2531816720731683290068758651614189147949
38.10000,18.0346306455680007729824865236878395080566,16.0657110491972900945256697013974189758301,12.9634515198086432974378112703561782836914,12.9634515198086432974378112703561782836914,8.1734386551480024962756942841224372386932
38.20000,17.9718520321513111070999002549797296524048,16.0786231762289055780001945095136761665344,12.9760564785454644010087577044032514095306,12.9760564785454644010087577044032514095306,8.0983622512892896594394187559373676776886
38.30000,17.9085381664649574418035626877099275588989,16.0898652608945766928627563174813985824585,12.9846918431542555083524348447099328041077,12.9846918431542555083524348447099328041077,8.0290197410510266706751281162723898887634
38.40000,17.8438704917422548135164106497541069984436,16.1020846635064529550618317443877458572388,12.9900040573434747415149104199372231960297,12.9900040573434747415149104199372231960297,7.9659470405617618382621003547683358192444
38.50000,17.7771434880246275156423507723957300186157,16.1185011111855338583609409397467970848083,12.9933964437242490674861983279697597026825,12.9933964437242490674861983279697597026825,7.9088517117616623508524753560777753591537
38.60000,17.7078647748480513257618440547958016395569,16.1419660028728095824135380098596215248108,12.9966147379498604408354367478750646114349,12.9966147379498604408354367478750646114349,7.8566013018211418028613479691557586193085
38.70000,17.6358171949637210218497784808278083801270,16.1740984854728004904700355837121605873108,13.0012476685495688144555970211513340473175,13.0012476685495688144555970211513340473175,7.8074203433373821070517806219868361949921
38.80000,17.5610747013979633379676670301705598831177,16.2147826315376377692700771149247884750366,13.0083504615313465535564318997785449028015,13.0083504615313465535564318997785449028015,7.7591564098729115528385591460391879081726
38.90000,17.4839726068798064773091027745977044105530,16.2622720759417163094440184067934751510620,13.0183308617766986259312034235335886478424,13.0183308617766986259312034235335886478424,7.7095829592681264230691340344492346048355
39.00000,17.4050401130479670541717496234923601150513,16.3139626924881042668857844546437263488770,13.0311045332848944866555029875598847866058,13.0311045332848944866555029875598847866058,7.6567937389662805713896887027658522129059
39.10000,17.3249081145210404031331563601270318031311,16.3675456591328689626152481650933623313904,13.0463998913118217615192406810820102691650,13.0463998913118217615192406810820102691650,7.5996539910302649545315034629311412572861
39.20000,17.2442080811357811853667953982949256896973,16.4219941725688443057151744142174720764160,13.0640353563255047220081905834376811981201,13.0640353563255047220081905834376811981201,7.5381315410536178234224280458875000476837
39.30000,17.1634785663126550048218632582575082778931,16.4779411058942137913163605844601988792419,13.0840243618310640982826953404583036899567,13.0840243618310640982826953404583036899567,7.4733709485447370468591543613001704216003
39.40000,17.0830944601531662385696108685806393623352,16.5373219370385804438683408079668879508972,13.1064604821032570924899118836037814617157,13.1064604821032570924899118836037814617157,7.4074954329852324974581279093399643898010
39.50000,17.0032302463258204738849599380046129226685,16.6024491086763674729809281416237354278564,13.1312494926762131086661611334420740604401,13.1312494926762131086661611334420740604401,7.3431803696497643940688249131198972463608
39.60000,16.9238624187639459250931395217776298522949,16.6748856240690237484614044660702347755432,13.1578373851625940460507990792393684387207,13.1578373851625940460507990792393684387207,7.2830732725077824696313655294943600893021
39.70000,16.8448088775295765628925437340512871742249,16.7545944199936691632046859012916684150696,13.1850957921915874493379305931739509105682,13.1850957921915874493379305931739509105682,7.2292117131400726037782078492455184459686
39.80000,16.7657962188075053688862681156024336814880,16.8397848714653797230766940629109740257263,13.2114585005150644292370998300611972808838,13.2114585005150644292370998300611972808838,7.1826640892427597862024413188919425010681
39.90000,16.6865410354734038378410332370549440383911,16.9275837303671288225359603529796004295349,13.2352822552302260561418734141625463962555,13.2352822552302260561418734141625463962555,7.1435602553800823244500861619599163532257
