0.00000,2.0000179259115222762943631096277385950089,4.0000537777345659407046696287579834461212,2.0000358518230441084995163691928610205650,2.0000358518230441084995163691928610205650,1.9999999999999997779553950749686919152737
0.10000,2.0000060213424659671943572902819141745567,4.0000180640273965693154423206578940153122,2.0000120426849314902995047305012121796608,2.0000120426849314902995047305012121796608,1.9999999999999995559107901499373838305473
0.20000,2.0002536860342559066339163109660148620605,4.0007610581027668317233292327728122472763,2.0005073720685113691786227718694135546684,2.0005073720685113691786227718694135546684,1.9999999999999995559107901499373838305473
0.30000,2.0023968344936342589335254160687327384949,4.0071905034809018886221565480809658765793,2.0047936689872689619562606822000816464424,2.0047936689872689619562606822000816464424,1.9999999999999991118215802998747676610947
0.40000,2.0104878178644791653084666904760524630547,4.0314634535934343873009311209898442029953,2.0209756357289578865277235308894887566566,2.0209756357289578865277235308894887566566,1.9999999999999984456877655247808434069157
0.50000,2.0307933437092904327414544241037219762802,4.0923800311278641927970056713093072175980,2.0615866874185790891260694479569792747498,2.0615866874185790891260694479569792747498,1.9999999999999964472863211994990706443787
0.60000,2.0701555600886427654927501862403005361557,4.2104666802659034274824989552143961191177,2.1403111201772766492013033712282776832581,2.1403111201772766492013033712282776832581,1.9999999999999926725280374739668332040310
0.70000,2.1337755178490520613365788449300453066826,4.4013265535470615930080384714528918266296,2.2675510356980645987334810342872515320778,2.2675510356980645987334810342872515320778,1.9999999999999846789222601728397421538830
0.80000,2.2234761945411367634051202912814915180206,4.6704285836230381434575065213721245527267,2.4469523890821029965536581585183739662170,2.4469523890821029965536581585183739662170,1.9999999999999686917107055705855600535870
0.90000,2.3370925218503613152165598876308649778366,5.0112775655495855886556455516256392002106,2.6741850437000045381807922240113839507103,2.6741850437000045381807922240113839507103,1.9999999999999376054660160662024281919003
1.00000,2.4690295886102737732414880156284198164940,5.4070887658245538887058501131832599639893,2.9380591772174753373292332980781793594360,2.9380591772174753373292332980781793594360,1.9999999999998769872888715326553210616112
1.10000,2.6116017347008231297422753414139151573181,5.8348052040752245162025246827397495508194,3.2232034693881437270590595289831981062889,3.2232034693881437270590595289831981062889,1.9999999999997597477374711161246523261070
1.20000,2.7566341281598818468978606688324362039566,6.2699023843571151104470118298195302486420,3.5132682562587325136860272323247045278549,3.5132682562587325136860272323247045278549,1.9999999999995314858836081839399412274361
1.30000,2.8968968340394973814966306235874071717262,6.6906905015570314887440872553270310163498,3.7937936677987229572295291291084140539169,3.7937936677987229572295291291084140539169,1.9999999999990831778262645457289181649685
1.40000,3.0271178279866108873363828024594113230705,7.0813534813957410563034500228241086006165,4.0542356546920794713173563650343567132950,4.0542356546920794713173563650343567132950,1.9999999999981936671389348703087307512760
1.50000,3.1444881229300167824192158150253817439079,7.4334643573868461885467695537954568862915,4.2889762401602231634001327620353549718857,4.2889762401602231634001327620353549718857,1.9999999999964159780319050696562044322491
1.60000,3.2486848249803079724529197847004979848862,7.7460544265273352237954895826987922191620,4.4973696257573863022116711363196372985840,4.4973696257573863022116711363196372985840,1.9999999999928701477358572446973994374275
1.70000,3.3414953725601610479145620047347620129585,8.0244859243258925829422878450714051723480,4.6829906484500130048331811849493533372879,4.6829906484500130048331811849493533372879,1.9999999999860267330120677797822281718254
1.80000,3.4261519120406118688038077380042523145676,8.2784550165550498945776780601590871810913,4.8523034643105367180737630405928939580917,4.8523034643105367180737630405928939580917,1.9999999999745889933677744920714758336544
1.90000,3.5065041918106572005342513875802978873253,8.5195100923275397519773832755163311958313,5.0130071420855166763885790714994072914124,5.0130071420855166763885790714994072914124,1.9999999999671633776898715950665064156055
2.00000,3.5861801091972407284913515468360856175423,8.7585323914965940161891921889036893844604,5.1723562503246540700274636037647724151611,5.1723562503246540700274636037647724151611,2.0000000000445274928040362283354625105858
2.10000,3.6678906114123406290161710785469040274620,9.0036483065890013932630608906038105487823,5.3357694586533304104136732348706573247910,5.3357694586533304104136732348706573247910,2.0000000006946820896303051995346322655678
2.20000,3.7530093153985726317500848381314426660538,9.2589630271957901186397066339850425720215,5.5059861690915292697923177911434322595596,5.5059861690915292697923177911434322595596,2.0000000044113046548943657398922368884087
2.30000,3.8414921087859235093731058441335335373878,9.5243088822811703408888206467963755130768,5.6829004842584591727927545434795320034027,5.6829004842584591727927545434795320034027,2.0000000225501750605872075539082288742065
2.40000,3.9321170148175985659122488868888467550278,9.7959454810805759450431651202961802482605,5.8640311970420180287533185037318617105484,5.8640311970420180287533185037318617105484,2.0000001018141375652703572995960712432861
2.50000,4.0229504727879694669923082983586937189102,10.0679250665935988706678472226485610008240,6.0454375616589262065758703101892024278641,6.0454375616589262065758703101892024278641,2.0000004160637159245084149006288498640060
2.60000,4.1119064283529676018247300817165523767471,10.3337169742754149126540141878649592399597,6.2228109263046942345454226597212255001068,6.2228109263046942345454226597212255001068,2.0000015500189927131202693999512121081352
2.70000,4.1972649032909323807416512863710522651672,10.5876887994844484097711756476201117038727,6.3924742146732915770712679659482091665268,6.3924742146732915770712679659482091665268,2.0000052734287980804595008521573618054390
2.80000,4.2780471266753874459709550137631595134735,10.8261420834715860195274217403493821620941,6.5520864127359237372161260282155126333237,6.5520864127359237372161260282155126333237,2.0000163846751251028877049975562840700150
2.90000,4.3541890265239153734455612720921635627747,11.0477514227156223824977132608182728290558,6.7009469812697224355702019238378852605820,6.7009469812697224355702019238378852605820,2.0000464867000924407136608351720497012138
3.00000,4.4265009953091105643352420884184539318085,11.2534159600028313974462434998713433742523,6.8398982205880090035066132259089499711990,6.8398982205880090035066132259089499711990,2.0001205141359257311250985367223620414734
3.10000,4.4964426825748509131130958849098533391953,11.4456692196102682856917454046197235584259,6.9709129563440326293743964924942702054977,6.9709129563440326293743964924942702054977,2.0002859894970539400560483045410364866257
3.20000,4.5657743778417891888921076315455138683319,11.6278805630032309181842720136046409606934,7.0965158719772887252474902197718620300293,7.0965158719772887252474902197718620300293,2.0006231968904426565813992056064307689667
3.30000,4.6361682264281540710726403631269931793213,11.8034970190629699970941146602854132652283,7.2192064122172752149708685465157032012939,7.2192064122172752149708685465157032012939,2.0012524210565740823142277804436162114143
3.40000,4.7088680711295713976483057194855064153671,11.9755103390475330371600648504681885242462,7.3410224521488780524691719620022922754288,7.3410224521488780524691719620022922754288,2.0023335058793487739592364960117265582085
3.50000,4.7844721767593929584450052061583846807480,12.1462103765215800876831053756177425384521,7.4633141405655711864142176636960357427597,7.4633141405655711864142176636960357427597,2.0040542721498306732996752543840557336807
3.60000,4.8628801737653528647342682234011590480804,12.3171493530567914831408415921032428741455,7.5867110337745984338653215672820806503296,7.5867110337745984338653215672820806503296,2.0066074592729474801444666809402406215668
3.70000,4.9434031930369970453398309473413974046707,12.4891511996221957758734788512811064720154,7.7111975617000414473523051128722727298737,7.7111975617000414473523051128722727298737,2.0101592692591108146871192730031907558441
3.80000,5.0249971481898603187232765776570886373520,12.6622025202518280195818078937008976936340,7.8361925909190643935176012746524065732956,7.8361925909190643935176012746524065732956,2.0148144866035599953590917721157893538475
3.90000,5.1065542229261025042319488420616835355759,12.8351659306816632266645683557726442813873,7.9605692143205564192953715973999351263046,7.9605692143205564192953715973999351263046,2.0205817249666524482165641529718413949013
4.00000,5.1871814095347064110796964087057858705521,13.0054171238146256683876345050521194934845,8.0826310732716866169766944949515163898468,8.0826310732716866169766944949515163898468,2.0273363868059592896031517739174887537956
4.10000,5.2664055231202615559027435665484517812729,13.1686408089864634973764623282477259635925,8.2001339684586707079461120883934199810028,8.2001339684586707079461120883934199810028,2.0347783951893818610301423177588731050491
4.20000,5.3442658668851947822986403480172157287598,13.3190746169102407492346173967234790325165,8.3104590627973902172698217327706515789032,8.3104590627973902172698217327706515789032,2.0424223582006550969936142791993916034698
4.30000,5.4212825268420665736357477726414799690247,13.4504385076217225503114605089649558067322,8.4110018924087572855796679505147039890289,8.4110018924087572855796679505147039890289,2.0497172496462754409662920807022601366043
4.40000,5.4983151357443178497419467021245509386063,13.5575180292732646591957745840772986412048,8.4997715345769702111056176363490521907806,8.4997715345769702111056176363490521907806,2.0562900958636403103696466132532805204391
4.50000,5.5763497393461021189864368352573364973068,13.6379199767263852294263415387831628322601,8.5760890993324014885956785292364656925201,8.5760890993324014885956785292364656925201,2.0620915174076839271322114655049517750740
4.60000,5.6562660757734279926012277428526431322098,13.6932679059578585878398371278308331966400,8.6411194096899155425717253820039331912994,8.6411194096899155425717253820039331912994,2.0672951623514563834760338068008422851562
4.70000,5.7386404877347079178662170306779444217682,13.7292284957183312599227065220475196838379,8.6978912406552684188909552176482975482941,8.6978912406552684188909552176482975482941,2.0720865021425027840962229674914851784706
4.80000,5.8236292831526661473162675974890589714050,13.7541175897166940700344639481045305728912,8.7506034862831754139733675401657819747925,8.7506034862831754139733675401657819747925,2.0765399003030089453147866151994094252586
4.90000,5.9109559079639941714390261040534824132919,13.7763349389062881300560547970235347747803,8.8033274578537916710274657816626131534576,8.8033274578537916710274657816626131534576,2.0806359311626976271725197875639423727989
5.00000,5.9999988050705415076890858472324907779694,13.8014447493258920474090700736269354820251,8.8585497635484671263839118182659149169922,8.8585497635484671263839118182659149169922,2.0843440272994975259734928840771317481995
5.10000,6.0899528649434335747514523973222821950912,13.8301090777691300104379479307681322097778,8.9161938140300112110026020673103630542755,8.9161938140300112110026020673103630542755,2.0876743146525407190949863434070721268654
5.20000,6.1800220606998781391894226544536650180817,13.8579170228693975275291450088843703269958,8.9736404375584459813808280159719288349152,8.9736404375584459813808280159719288349152,2.0906582084523850362245411815820261836052
5.30000,6.2695969690543211783051447127945721149445,13.8773060999652351199529221048578619956970,9.0268119388413410320026741828769445419312,9.0268119388413410320026741828769445419312,2.0932791913368742342527184518985450267792
5.40000,6.3583777224951978368494565074797719717026,13.8807067718935712719030561856925487518311,9.0718465407552564272464223904535174369812,9.0718465407552564272464223904535174369812,2.0953914128782553660812482121400535106659
5.50000,6.4464176334701770443302848434541374444962,13.8634958706229447500390961067751049995422,9.1066310601336386554294222150929272174835,9.1066310601336386554294222150929272174835,2.0966513838258453716889562201686203479767
5.60000,6.5340815995058756371349772962275892496109,13.8255956205874888098605879349634051322937,9.1315951991757184913467426667921245098114,9.1315951991757184913467426667921245098114,2.0964868217419256879452404973562806844711
5.70000,6.6219326847110107081562091480009257793427,13.7712610163606914426281946361996233463287,9.1495273371545113860747733269818127155304,9.1495273371545113860747733269818127155304,2.0941390267626789345456472801743075251579
5.80000,6.7105762525383223504604757181368768215179,13.7073342121418892958217838895507156848907,9.1645437440397152784044010331854224205017,9.1645437440397152784044010331854224205017,2.0888229766007815335626673913793638348579
5.90000,6.8005001977178665129031287506222724914551,13.6407866283286267616858822293579578399658,9.1806368225045726916277999407611787319183,9.1806368225045726916277999407611787319183,2.0800131810373461149765716982074081897736
6.00000,6.8919497338080573101137815683614462614059,13.5765769693765356862513726809993386268616,9.2003918965328246315493743168190121650696,9.2003918965328246315493743168190121650696,2.0677429101189424009987760655349120497704
6.10000,6.9848655692830527996761702524963766336441,13.5166479645319341784670541528612375259399,9.2244184595953182537186876288615167140961,9.2244184595953182537186876288615167140961,2.0526766146243504707058491476345807313919
6.20000,7.0788976629319444455745724553707987070084,13.4603093860915272728107083821669220924377,9.2516970944784553410045191412791609764099,9.2516970944784553410045191412791609764099,2.0358128600665605922870327049167826771736
6.30000,7.1734877495825664084350137272849678993225,13.4055330769740148610935648321174085140228,9.2804916965195971556568110827356576919556,9.2804916965195971556568110827356576919556,2.0180374335173896227502154943067580461502
6.40000,7.2679976239802783766208449378609657287598,13.3502332993739045718939451035112142562866,9.3091587101826203110022106557153165340424,9.3091587101826203110022106557153165340424,1.9999135029889405501535293296910822391510
6.50000,7.3618506491673985081547471054363995790482,13.2928017241485854071925132302567362785339,9.3364232035998124814568654983304440975189,9.3364232035998124814568654983304440975189,1.9818059661163573981212948638130910694599
6.60000,7.4546527490550387184953251562546938657761,13.2318911292769474385977446218021214008331,9.3612120076114777589282311964780092239380,9.3612120076114777589282311964780092239380,1.9641198631090308612812123101321049034595
6.70000,7.5462656841823818609782392741180956363678,13.1660435132335233987532774335704743862152,9.3824453892414947375755218672566115856171,9.3824453892414947375755218672566115856171,1.9474184189329166727588926733005791902542
6.80000,7.6368176079526124411245291412342339754105,13.0937970541357149301120443851687014102936,9.3991115383841137287390665733255445957184,9.3991115383841137287390665733255445957184,1.9323915853200999137584403797518461942673
6.90000,7.7266508797851187750893586780875921249390,13.0144093667222211507805695873685181140900,9.4106390712818406285578021197579801082611,9.4106390712818406285578021197579801082611,1.9197821039436611112449782012845389544964
7.00000,7.8162216756150826313387369737029075622559,12.9287341742752754925049885059706866741180,9.4173121888708664073419640772044658660889,9.4173121888708664073419640772044658660889,1.9103314721486257532490071753272786736488
7.10000,7.9059769224468370296676766884047538042068,12.8395848857082714999933159560896456241608,9.4204057347847474090940522728487849235535,9.4204057347847474090940522728487849235535,1.9047503385856121571606536235776729881763
7.20000,7.9962388860239919097239180700853466987610,12.7511980672216136412089326768182218074799,9.4218450882637281296183573431335389614105,9.4218450882637281296183573431335389614105,1.9037467767181495137407409856677986681461
7.30000,8.0871250590047907280677463859319686889648,12.6679198689342662476065015653148293495178,9.4234608315229451136474381200969219207764,9.4234608315229451136474381200969219207764,1.9081232648931654161117421608651056885719
7.40000,8.1785214684988485345229491940699517726898,12.5927040512770407332254762877710163593292,9.4262073015822060995105857728049159049988,9.4262073015822060995105857728049159049988,1.9188109166114799553071179616381414234638
7.50000,8.2701137403169759920729120494797825813293,12.5261711313285442059850538498722016811371,9.4298190412686615502479980932548642158508,9.4298190412686615502479980932548642158508,1.9366467891081968755173647878109477460384
7.60000,8.3614659923124587947995678405277431011200,12.4666554996163068125270001473836600780487,9.4331287379248962565725378226488828659058,9.4331287379248962565725378226488828659058,1.9618640160789737603153071177075617015362
7.70000,8.4521265722578249324214993976056575775146,12.4110387801635155824442335870116949081421,9.4348210376094829854309864458627998828888,9.4348210376094829854309864458627998828888,1.9935232772023727676469206926412880420685
7.80000,8.5417343070558313655737947556190192699432,12.3557364848581929805959589430131018161774,9.4341304358876723057392155169509351253510,9.4341304358876723057392155169509351253510,2.0292099201386797346913226647302508354187
7.90000,8.6301000840616755027667750255204737186432,12.2972946942287126859127965872175991535187,9.4311159060201372739129510591737926006317,9.4311159060201372739129510591737926006317,2.0651629662501127526752497942652553319931
8.00000,8.7172454578801019664524574181996285915375,12.2325207040830825633292988641187548637390,9.4264926877367791746564762433990836143494,9.4264926877367791746564762433990836143494,2.0967807864896261804688037955202162265778
8.10000,8.8033906847828422570501061272807419300079,12.1585270864518957267819132539443671703339,9.4212685430249827334137080470100045204163,9.4212685430249827334137080470100045204163,2.1193806851847738492722328373929485678673
8.20000,8.8888966533840783057485168683342635631561,12.0731187445170586869380713324062526226044,9.4164632485220565172312490176409482955933,9.4164632485220565172312490176409482955933,2.1290889008570212936888310650829225778580
8.30000,8.9741759349671212930843466892838478088379,11.9755933871173763094475361867807805538177,9.4130333167372448599508061306551098823547,9.4130333167372448599508061306551098823547,2.1237026886100087708086903148796409368515
8.40000,9.0595951704258421699478276423178613185883,11.8676117014057727061526748002506792545319,9.4119251947991777740298857679590582847595,9.4119251947991777740298857679590582847595,2.1033564822332611043975703069008886814117
8.50000,9.1453925412775625147787650348618626594543,11.7535663610921403687825659289956092834473,9.4140632691160561762444558553397655487061,9.4140632691160561762444558553397655487061,2.0708323641375927515184685034910216927528
8.60000,9.2316297314022754960660677170380949974060,11.6399012984697556305491161765530705451965,9.4201145544227102845979970879852771759033,9.4201145544227102845979970879852771759033,2.0313019210266092251515601674327626824379
8.70000,9.3181887285370930129602129454724490642548,11.5332999567410645624931930797174572944641,9.4300738350921307073804200626909732818604,9.4300738350921307073804200626909732818604,1.9913410150938968268263806749018840491772
8.80000,9.4048124956849630251554117421619594097137,11.4385435784625020261273675714619457721710,9.4429416734298854407825274392962455749512,9.4429416734298854407825274392962455749512,1.9574727272876932815393047349061816930771
8.90000,9.4911779579974488996185755240730941295624,11.3573199880545150364241635543294250965118,9.4567839173389245388534618541598320007324,9.4567839173389245388534618541598320007324,1.9349301113741157465142350702080875635147
9.00000,9.5769825060807232119941545533947646617889,11.2885693858848057402610720600932836532593,9.4692082780198880698208085959777235984802,9.4692082780198880698208085959777235984802,1.9271353359257525905690044965012930333614
9.10000,9.6620228361734277200412179809063673019409,11.2297608971891111906415972043760120868683,9.4779970919883069768729910720139741897583,9.4779970919883069768729910720139741897583,1.9357895493859265112490675164735876023769
9.20000,9.7462476399648991787216800730675458908081,11.1781079187616700920671064523048698902130,9.4815575084312211373571699368767440319061,9.4815575084312211373571699368767440319061,1.9612405418641265519852368015563115477562
9.30000,9.8297724852578571841377197415567934513092,11.1312286622061993313081984524615108966827,9.4790218274231659023598695057444274425507,9.4790218274231659023598695057444274425507,2.0029574926177242666369693324668332934380
9.40000,9.9128544748091567129222312360070645809174,11.0873323570404878068984544370323419570923,9.4700746555211150479181014816276729106903,9.4700746555211150479181014816276729106903,2.0600375208074144239844827097840607166290
9.50000,9.9958338160027437879762146621942520141602,11.0452081651430518149936688132584095001221,9.4547194379655294937947473954409360885620,9.4547194379655294937947473954409360885620,2.1316031052147370594695985346334055066109
9.60000,10.0790571232842793847339635249227285385132,11.0041932150209174068322681705467402935028,9.4331661946337064250656112562865018844604,9.4331661946337064250656112562865018844604,2.2169179490377817209889599325833842158318
9.70000,10.1628013164337094309530584723688662052155,10.9641307285453315500944881932809948921204,9.4058802959129863552334427367895841598511,9.4058802959129863552334427367895841598511,2.3151714531530696028482907422585412859917
9.80000,10.2472163819945691898283257614821195602417,10.9252423337395985214470783830620348453522,9.3736839189138123629163601435720920562744,9.3736839189138123629163601435720920562744,2.4250908779065434295318937074625864624977
9.90000,10.3323001916920169662716944003477692604065,10.8878642441370345750328851863741874694824,9.3377482956576294270689686527475714683533,9.3377482956576294270689686527475714683533,2.5446678445137940194342718314146623015404
10.00000,10.4179103699514321590413601370528340339661,10.8521085534641219538798395660705864429474,9.2994049924269095441786703304387629032135,9.2994049924269095441786703304387629032135,2.6712089385617323600285999418701976537704
10.10000,10.5038090478880228317848377628251910209656,10.8176203738340497295666864374652504920959,9.2598736207060703407023538602516055107117,9.2598736207060703407023538602516055107117,2.8016821803099323240360263298498466610909
10.20000,10.5897285751154583977040601894259452819824,10.7835985753726220082171494141221046447754,9.2200960508482410205033374950289726257324,9.2200960508482410205033374950289726257324,2.9331350487915996971821641636779531836510
10.30000,10.6754417141501516397283921833150088787079,10.7491342086666801236560786492191255092621,9.1807879879094596020649987622164189815521,9.1807879879094596020649987622164189815521,3.0629999469979143356113127083517611026764
10.40000,10.7608194026315739932897486141882836818695,10.7137795600908933835171410464681684970856,9.1426378280627442762806822429411113262177,9.1426378280627442762806822429411113262177,3.1893233065969788242455251747742295265198
10.50000,10.8458626930729948867337952833622694015503,10.6780635121302331924653117312118411064148,9.1064637827922965129801013972610235214233,9.1064637827922965129801013972610235214233,3.3109986396186368295957436203025281429291
10.60000,10.9307019724288139173040690366178750991821,10.6435348256061530491933808661997318267822,9.0731786586578273556824569823220372200012,9.0731786586578273556824569823220372200012,3.4278794807193118110433260881109163165092
10.70000,11.0155644675713570990183143294416368007660,10.6122230124332155298816360300406813621521,9.0435593781544607594469198375009000301361,9.0435593781544607594469198375009000301361,3.5406687236956493336492712842300534248352
10.80000,11.1007185514243946755641445633955299854279,10.5858975325666584410555515205487608909607,9.0179524969965800806903644115664064884186,9.0179524969965800806903644115664064884186,3.6507110899978938434173869609367102384567
10.90000,11.1864087497036894802704409812577068805695,10.5655590378855990252304763998836278915405,8.9960789562717913270262215519323945045471,8.9960789562717913270262215519323945045471,3.7598098750457058514484742772765457630157
11.00000,11.2727973250314867925681028282269835472107,10.5512685749544612434647206100635230541229,8.9770245362387761645095451967790722846985,8.9770245362387761645095451967790722846985,3.8700168275083957070137330447323620319366
11.10000,11.3599263941485890683225079555995762348175,10.5421520362535385828550715814344584941864,8.9593783835487919020579283824190497398376,8.9593783835487919020579283824190497398376,3.9833216633045447352401424723211675882339
11.20000,11.4477092189634674923581769689917564392090,10.5364067354523616160122401197440922260284,8.9414046354274745453949435614049434661865,8.9414046354274745453949435614049434661865,4.1013066835608800175805299659259617328644
11.30000,11.5359520057098308143395115621387958526611,10.5313046929569775755908267456106841564178,8.9211689242194953664011336513794958591461,8.9211689242194953664011336513794958591461,4.2249188502278167689496513048652559518814
11.40000,11.6244001482150274284776969579979777336121,10.5233510853426501796548109268769621849060,8.8966573225921621315137599594891071319580,8.8966573225921621315137599594891071319580,4.3544365883733542332834076660219579935074
11.50000,11.7127971983379026710281323175877332687378,10.5087872194824161198312140186317265033722,8.8659951960605063447928841924294829368591,8.8659951960605063447928841924294829368591,4.4895940256993069894519976514857262372971
11.60000,11.8009422193740736162226312444545328617096,10.4844769888234310428742901422083377838135,8.8278122090799993060272754519246518611908,8.8278122090799993060272754519246518611908,4.6297947900375069352207901829387992620468
11.70000,11.8887320364310067333235565456561744213104,10.4489430713410342832503374665975570678711,8.7816539747080444300308954552747309207916,8.7816539747080444300308954552747309207916,4.7743671583559530446905228018295019865036
11.80000,11.9761788751061644120454730000346899032593,10.4030987485296257943900855025276541709900,8.7282388889813979915288655320182442665100,8.7282388889813979915288655320182442665100,4.9227998456729951115562471386510878801346
11.90000,12.0633999548483359376405132934451103210449,10.3502307579704098117190369521267712116241,8.6693890597462743841106203035451471805573,8.6693890597462743841106203035451471805573,5.0748525933261969811383096384815871715546
12.00000,12.1505823475727936511248117312788963317871,10.2950671606353942877376539399847388267517,8.6076093117469696380794630385935306549072,8.6076093117469696380794630385935306549072,5.2304308847142477745251198939513415098190
12.10000,12.2379322674314412466856083483435213565826,10.2421885261446181658584464457817375659943,8.5454558956591082363729583448730409145355,8.5454558956591082363729583448730409145355,5.3892090022578429397981381043791770935059
12.20000,12.3256215447787411676472402177751064300537,10.1945946559890803229109224048443138599396,8.4849325519234355397202307358384132385254,8.4849325519234355397202307358384132385254,5.5503510969209504111177011509425938129425
12.30000,12.4137444791301909674530179472640156745911,10.1531928652741658680724867735989391803741,8.4271296251148442024714313447475433349609,8.4271296251148442024714313447475433349609,5.7126780941746693187610617314931005239487
12.40000,12.5022954468708640263230336131528019905090,10.1171392398351009944690304109826683998108,8.3721994080946071647986173047684133052826,8.3721994080946071647986173047684133052826,5.8750358705167524675516688148491084575653
12.50000,12.5911722832003469818573648808524012565613,10.0846850396026059826226628501899540424347,8.3196123502388417136899079196155071258545,8.3196123502388417136899079196155071258545,6.0366326223252677607433724915608763694763
12.60000,12.6802039483734017011329342494718730449677,10.0541244490251404641867338796146214008331,8.2685565843584605261185060953721404075623,8.2685565843584605261185060953721404075623,6.1972152286816228894394953385926783084869
12.70000,12.7691949780803266634165993309579789638519,10.0245936693326154198757649282924830913544,8.2183613872617673479226141353137791156769,8.2183613872617673479226141353137791156769,6.3570658728894082756255556887481361627579
12.80000,12.8579751678337004250352038070559501647949,9.9966245777995670351856460911221802234650,8.1688819796902496506163515732623636722565,8.1688819796902496506163515732623636722565,6.5168357862527690471665664517786353826523
12.90000,12.9464417599684047388564067659899592399597,9.9724209681743865019143413519486784934998,8.1207950373042461222894417005591094493866,8.1207950373042461222894417005591094493866,6.6772726535342989961918647168204188346863
13.00000,13.0345832774711176682558289030566811561584,9.9558287262269828943317406810820102691650,8.0757135966541184757261362392455339431763,8.0757135966541184757261362392455339431763,6.8389848103898609466000380052719265222549
13.10000,13.1224785704957991328001298825256526470184,9.9518900411910102832280244911089539527893,8.0360022531077035523594531696289777755737,8.0360022531077035523594531696289777755737,7.0023641054714031994876677345018833875656
13.20000,13.2102705488720069126884482102468609809875,9.9657913990482480670607401407323777675629,8.0042292828361780721024842932820320129395,8.0042292828361780721024842932820320129395,7.1676033822478979473658000642899423837662
13.30000,13.2981200828771317645760063896887004375458,10.0012528249756105225287683424539864063263,7.9823623341283536092305439524352550506592,7.9823623341283536092305439524352550506592,7.3346482395960350686436868272721767425537
13.40000,13.3861502402339720418922297540120780467987,10.0590888768753821125301328720524907112122,7.9710409144485936394630698487162590026855,7.9710409144485936394630698487162590026855,7.5031572882121659873178032285068184137344
13.50000,13.4743932533759593894728823215700685977936,10.1370023067058170340715150814503431320190,7.9693335733891919048232921340968459844589,7.9693335733891919048232921340968459844589,7.6727284133033917257193934347014874219894
13.60000,13.5627518446519665928917675046250224113464,10.2306605158169503511089715175330638885498,7.9751251084152663395343552110716700553894,7.9751251084152663395343552110716700553894,7.8431621436383851531104483001399785280228
13.70000,13.6509830356103059045835834695026278495789,10.3351611772302582892280042869970202445984,7.9858817488532416462021501502022147178650,7.9858817488532416462021501502022147178650,8.0143807151340809014072874560952186584473
13.80000,13.7387073261459740081136260414496064186096,10.4462677393977028117433292209170758724213,7.9993999399379536185961114824749529361725,7.9993999399379536185961114824749529361725,8.1861751856677695826647322974167764186859
13.90000,13.8254405793495180887475726194679737091064,10.5612371183493980453249605488963425159454,8.0142806464370437424804549664258956909180,8.0142806464370437424804549664258956909180,8.3581164048248286491116232355125248432159
14.00000,13.9106414985808015671864268369972705841064,10.6791446065511621554833254776895046234131,8.0300528922661946751304640201851725578308,8.0300528922661946751304640201851725578308,8.5296803205995761487656636745668947696686
14.10000,13.9937652103920502355549615458585321903229,10.8006245855679665623938490170985460281372,8.0469837195250129013857076643034815788269,8.0469837195250129013857076643034815788269,8.7004223569099927715342346346005797386169
14.20000,14.0743134866959618278769994503818452358246,10.9270965388747161028959453688003122806549,8.0656695837598899601061930297873914241791,8.0656695837598899601061930297873914241791,8.8700708580508980105605587596073746681213
14.30000,14.1518742253901841365859581856057047843933,11.0597150538002093611567033804021775722504,8.0865357956355801150039042113348841667175,8.0865357956355801150039042113348841667175,9.0385176879192314913780137430876493453979
14.40000,14.2261461934262420925279002403840422630310,11.1983898061459701267494892817921936511993,8.1093984958729059542292816331610083580017,8.1093984958729059542292816331610083580017,9.2057390078264003108188262558542191982269
14.50000,14.2969487876457570507682248717173933982849,11.3412635854523280443117982940748333930969,8.1332618212683307490351580781862139701843,8.1332618212683307490351580781862139701843,9.3716887305614235970097070094197988510132
14.60000,14.3642198301574968155591704999096691608429,11.4849386089160798718467049184255301952362,8.1564797908567268081014844938181340694427,8.1564797908567268081014844938181340694427,9.5361988573601230712029064306989312171936
14.70000,14.4280065556295244988405102049000561237335,11.6254597724704229477765693445689976215363,8.1772715208515123208599106874316930770874,8.1772715208515123208599106874316930770874,9.6989232863969228048972581746056675910950
14.80000,14.4884556187697643991896256920881569385529,11.7596951255210662168337876209989190101624,8.1943900603378025948586582671850919723511,8.1943900603378025948586582671850919723511,9.8593706236152254263060967787168920040131
14.90000,14.5458070841313418242179977823980152606964,11.8864798397069861835007031913846731185913,8.2076251218161786482596653513610363006592,8.2076251218161786482596653513610363006592,10.0170366802059689348425308708101511001587
15.00000,14.6003951531119735562924688565544784069061,12.0069020142305618037426029331982135772705,8.2178627359420808318191120633855462074280,8.2178627359420808318191120633855462074280,10.1715716954583736963968476629815995693207
15.10000,14.6526552748112468549379627802409231662750,12.1235147736937616258501293486915528774261,8.2266381069659022529094727360643446445465,8.2266381069659022529094727360643446445465,10.3228938345732021986123072565533220767975
15.20000,14.7031339320520597624408765113912522792816,12.2388983246166240803631808375939726829529,8.2354050065712289807606794056482613086700,8.2354050065712289807606794056482613086700,10.4712222435262258812826985376887023448944
15.30000,14.7524945917195822175926878117024898529053,12.3544356854139572021722415229305624961853,8.2449337990122355535049791797064244747162,8.2449337990122355535049791797064244747162,10.6170626791090683127549709752202033996582
15.40000,14.8015118821304856311371622723527252674103,12.4700362636788160131118274875916540622711,8.2551913194666628470486102742142975330353,8.2551913194666628470486102742142975330353,10.7611655068759759501517692115157842636108
15.50000,14.8510466618939140914790186798200011253357,12.5848955574217740149833844043314456939697,8.2657575565133711847920494619756937026978,8.2657575565133711847920494619756937026978,10.9044271062889457368783041602000594139099
15.60000,14.9019975084283107236160503816790878772736,12.6987045615301816781084198737516999244690,8.2764904779941215196004122844897210597992,8.2764904779941215196004122844897210597992,11.0477211139702511388804850867018103599548
15.70000,14.9552288571296347896577572100795805454254,12.8124787305302252349292757571674883365631,8.2879932163564298264191165799275040626526,8.2879932163564298264191165799275040626526,11.1917211549470003717487998073920607566833
15.80000,15.0114814131686546971877760370261967182159,12.9284184374635611192161377402953803539276,8.3015625214148229815691593103110790252686,8.3015625214148229815691593103110790252686,11.3367748078025698532655951566994190216064
15.90000,15.0712749443916891323169693350791931152344,13.0487503372513025112766626989468932151794,8.3186235356090065806711209006607532501221,8.3186235356090065806711209006607532501221,11.4827782104249784822513902327045798301697
16.00000,15.1348157947326118488717838772572576999664,13.1741605220704887102556313038803637027740,8.3399914572896616249408907606266438961029,8.3399914572896616249408907606266438961029,11.6289934022237808619593124603852629661560
16.10000,15.2019210854561173107413196703419089317322,13.3029253407063929870446372660808265209198,8.3654293712776048863588584936223924160004,8.3654293712776048863588584936223924160004,11.7739876836073023014250793494284152984619
16.20000,15.2719695070039165329944808036088943481445,13.4314938733180380125986630446277558803558,8.3937826187105990527470567030832171440125,8.3937826187105990527470567030832171440125,11.9158981429007564400990304420702159404755
16.30000,15.3438864086788928631222006515599787235260,13.5561161893011199452985238167457282543182,8.4235830528436732578256851411424577236176,8.4235830528436732578256851411424577236176,12.0528364922926662927693541860207915306091
16.40000,15.4161696446861817832996166544035077095032,13.6744370812820363880746299400925636291504,8.4537148279556717511695751454681158065796,8.4537148279556717511695751454681158065796,12.1831770700568746690350963035598397254944
16.50000,15.4869620834500629769081569975242018699646,13.7862583031302499136927508516237139701843,8.4837165627383601673727753222920000553131,8.4837165627383601673727753222920000553131,12.3057872611035925558553572045639157295227
16.60000,15.5541753116641210397119721164926886558533,13.8932809895265698685307143023237586021423,8.5135419839578254652678879210725426673889,8.5135419839578254652678879210725426673889,12.4203723332750382013500711764208972454071
16.70000,15.6156649870352417508456710493192076683044,13.9981305594060376762399755534715950489044,8.5429461050825068468839162960648536682129,8.5429461050825068468839162960648536682129,12.5279033362762657333178140106610953807831
16.80000,15.6694504629634963066564523614943027496338,14.1031553120731860673231494729407131671906,8.5709057745114858306578753399662673473358,8.5709057745114858306578753399662673473358,12.6307942260137107126638511545024812221527
16.90000,15.7139602732532512874286112491972744464874,14.2093680221672684638178907334804534912109,8.5954733591785643653793158591724932193756,8.5954733591785643653793158591724932193756,12.7323815770633927968447096645832061767578
17.00000,15.7482730027821915541608177591115236282349,14.3157721179368913055895973229780793190002,8.6142076101921922770543460501357913017273,8.6142076101921922770543460501357913017273,12.8356299003346965292848835815675556659698
17.10000,15.7723132020445024892296714824624359607697,14.4192880201340685175637190695852041244507,8.6250049756412643375824700342491269111633,8.6250049756412643375824700342491269111633,12.9415912708960441079852898837998509407043
17.20000,15.7869578011336102463246788829565048217773,14.5153818277909749667742289602756500244141,8.6269638581292049650528497295454144477844,8.6269638581292049650528497295454144477844,13.0484119126661770593500477843917906284332
17.30000,15.7940130136654275361252075526863336563110,14.5992184439576053733844673843123018741608,8.6209156776088580187433763057924807071686,8.6209156776088580187433763057924807071686,13.1514001024053168720229223254136741161346
17.40000,15.7960371648189159543562709586694836616516,14.6668791812708629862527232035063207149506,8.6093931353435273479135503293946385383606,8.6093931353435273479135503293946385383606,13.2441300754027242447818935033865272998810
17.50000,15.7960117854471082665668291156180202960968,14.7161336659257635517406015424057841300964,8.5960046033898382944471450173296034336090,8.5960046033898382944471450173296034336090,13.3201362445931952294131406233645975589752
17.60000,15.7968992646838710669499050709418952465057,14.7465322430231839945236060884781181812286,8.5844022156669677059426248888485133647919,8.5844022156669677059426248888485133647919,13.3746270763731196495882613817229866981506
17.70000,15.8011631211088872106529379379935562610626,14.7590124903781134690916587715037167072296,8.5772202022603725168892196961678564548492,8.5772202022603725168892196961678564548492,13.4057352069662556459661573171615600585938
17.80000,15.8103538112848500674090246320702135562897,14.7554181944728668440802721306681632995605,8.5754136277442292168871063040569424629211,8.5754136277442292168871063040569424629211,13.4149447502692584777150841546244919300079
17.90000,15.8248639458328561602229456184431910514832,14.7381573884732421930721102398820221424103,8.5782485321896047025802545249462127685547,8.5782485321896047025802545249462127685547,13.4065242699268871717777074081823229789734
18.00000,15.8439229082619750244020906393416225910187,14.7099392992971029769933011266402900218964,8.5838511422814747220400022342801094055176,8.5838511422814747220400022342801094055176,13.3861599229961285573153872974216938018799
18.10000,15.8658384057368042618918480002321302890778,14.6734234725515566566400593728758394718170,8.5899568628365532418911243439652025699615,8.5899568628365532418911243439652025699615,13.3593481526152544347496586851775646209717
18.20000,15.8884235873433681263122707605361938476562,14.6307097001478911835192775470204651355743,8.5944898434448759871884249150753021240234,8.5944898434448759871884249150753021240234,13.3301536006015073354546984774060547351837
18.30000,15.9094995058421364575451661949045956134796,14.5827627072951049314042393234558403491974,8.5958094174362571493475115858018398284912,8.5958094174362571493475115858018398284912,13.3006433782647270902543823467567563056946
18.40000,15.9273493325771351436515033128671348094940,14.5290065380857953414306393824517726898193,8.5927053117196283693601799313910305500031,8.5927053117196283693601799313910305500031,13.2709452472236719700049434322863817214966
18.50000,15.9410219092000069451842136913910508155823,14.4673943356409111515858967322856187820435,8.5843527517782920455147177563048899173737,8.5843527517782920455147177563048899173737,13.2397107412843340057406749110668897628784
18.60000,15.9504271227699110369258050923235714435577,14.3951518669618945267529852571897208690643,8.5703896310444118711302508017979562282562,8.5703896310444118711302508017979562282562,13.2047997276429800450614493456669151782990
18.70000,15.9562217111743436248616490047425031661987,14.3100229270565417749594416818581521511078,8.5511103198419320392531517427414655685425,8.5511103198419320392531517427414655685425,13.1640239985470213213147872011177241802216
18.80000,15.9595392646925837709659390384331345558167,14.2114610474017357688580887042917311191559,8.5276258439721015491841171751730144023895,8.5276258439721015491841171751730144023895,13.1157486241501164414557933923788368701935
18.90000,15.9616588713374110142240169807337224483490,14.1011991977451707214186171768233180046082,8.5018223759321074339823098853230476379395,8.5018223759321074339823098853230476379395,13.0592133172183668676780143869109451770782
19.00000,15.9637190023429198504345549736171960830688,13.9829699902261701538463967153802514076233,8.4760517232802961018478526966646313667297,8.4760517232802961018478526966646313667297,12.9945855460084978005852462956681847572327
19.10000,15.9665585129208338344142248388379812240601,13.8615438060485427484991305391304194927216,8.4526336739968073175077734049409627914429,8.4526336739968073175077734049409627914429,12.9228349709757619478978085680864751338959
19.20000,15.9707108749411155201869405573233962059021,13.7415052997802344947331221192143857479095,8.4333627338611005797019970486871898174286,8.4333627338611005797019970486871898174286,12.8454907069991470791592291789129376411438
19.30000,15.9765129435482506892185483593493700027466,13.6262464230865756320554282865487039089203,8.4192286494649124506395310163497924804688,8.4192286494649124506395310163497924804688,12.7643020677049996436380752129480242729187
19.40000,15.9842439270831313535836670780554413795471,13.5175231801869006886818169732578098773956,8.4104555138542895775799479451961815357208,8.4104555138542895775799479451961815357208,12.6808560795614511107487487606704235076904
19.50000,15.9942026280672280336148105561733245849609,13.4156501025375867186539835529401898384094,8.4067859206276001060587077517993748188019,8.4067859206276001060587077517993748188019,12.5962808893496163165082180057652294635773
19.60000,16.0066622746384332742763945134356617927551,13.3200880312960130424926319392397999763489,8.4077927614621970064945344347506761550903,8.4077927614621970064945344347506761550903,12.5111647830100523037799575831741094589233
19.70000,16.0216985113900385329088749131187796592712,13.2299833627384373357926961034536361694336,8.4129869409391222490057771210558712482452,8.4129869409391222490057771210558712482452,12.4257079922502295943331773742102086544037
19.80000,16.0389467314499718497700087027624249458313,13.1443100063815716538329070317558944225311,8.4216270472316363537856886978261172771454,8.4216270472316363537856886978261172771454,12.3400026433682690196746989386156201362610
19.90000,16.0573875942309172160094021819531917572021,13.0616286270918759981896073441021144390106,8.4323611346728117865723106660880148410797,8.4323611346728117865723106660880148410797,12.2542939519771678646975487936288118362427
20.00000,16.0752646852275837829893134767189621925354,12.9798056450069001499514342867769300937653,8.4429950422169710577691148500889539718628,8.4429950422169710577691148500889539718628,12.1690802458005400410456786630675196647644
20.10000,16.0901978856305447607155656442046165466309,12.8960483873261626541761870612390339374542,8.4506424867436429337885783752426505088806,8.4506424867436429337885783752426505088806,12.0849612994694179946009171544574201107025
20.20000,16.0994840726406529540781775722280144691467,12.8074057341741482929364792653359472751617,8.4522843971653944805666469619609415531158,8.4522843971653944805666469619609415531158,12.0023210124840140622382023138925433158875
20.30000,16.1005072698640994133256754139438271522522,12.7116690682816422253154087229631841182709,8.4455277542616116193130437750369310379028,8.4455277542616116193130437750369310379028,11.9211208296225166236581571865826845169067
20.40000,16.0911468938085597812914784299209713935852,12.6082373910399798688786177081055939197540,8.4292554687343272945554417674429714679718,8.4292554687343272945554417674429714679718,11.8408733473798850610592126031406223773956
20.50000,16.0700855250585412647978955646976828575134,12.4982532426240382505966408643871545791626,8.4039121678599943976450958871282637119293,8.4039121678599943976450958871282637119293,11.7605144319625871673906658543273806571960
20.60000,16.0369607241995559832048456883057951927185,12.3847877457415425084263915778137743473053,8.3713219256890436525964105385355651378632,8.3713219256890436525964105385355651378632,11.6791046185630094100815767887979745864868
20.70000,15.9923534285162123325108041171915829181671,12.2723109007340429599253184278495609760284,8.3341175263740776557597200735472142696381,8.3341175263740776557597200735472142696381,11.5964292765021017572735217981971800327301
20.80000,15.9376404521796857238769007381051778793335,12.1653538816423729684856880339793860912323,8.2950061032995225929198568337596952915192,8.2950061032995225929198568337596952915192,11.5129821272230117301660357043147087097168
20.90000,15.8747553180444089804268514853902161121368,12.0669338545769111448180410661734640598297,8.2561422681077871743582363706082105636597,8.2561422681077871743582363706082105636597,11.4294046364057475528852592105977237224579
21.00000,15.8059040085310780199279179214499890804291,11.9773466233699110716770519502460956573486,8.2188070685876120080592954764142632484436,8.2188070685876120080592954764142632484436,11.3456364947257632991295395186170935630798
21.10000,15.7332773129294949399081815499812364578247,11.8939137714399087997207971056923270225525,8.1834373649612945911258066189475357532501,8.1834373649612945911258066189475357532501,11.2603163544468145573773654177784919738770
21.20000,15.6587947342846920406600474962033331394196,11.8119212041228607290577201638370752334595,8.1498997857802653044245744240470230579376,8.1498997857802653044245744240470230579376,11.1709163668470239372254582121968269348145
21.30000,15.5839084859839260843727970495820045471191,11.7264586856278594240166057716123759746552,8.1178408583640102591516551910899579524994,8.1178408583640102591516551910899579524994,11.0746854548837649900860924390144646167755
21.40000,15.5094893213768045825418084859848022460938,11.6344542002981778949788349564187228679657,8.0869925655834524746978786424733698368073,8.0869925655834524746978786424733698368073,10.9699583905080775281248861574567854404449
21.50000,15.4358069886421933603060097084380686283112,11.5360569797998646635051045450381934642792,8.0574060034796364249132238910533487796783,8.0574060034796364249132238910533487796783,10.8570519614827851739846664713695645332336
21.60000,15.3626057064115411066040906007401645183563,11.4346290549008067216618655947968363761902,8.0296283257763754193092609057202935218811,8.0296283257763754193092609057202935218811,10.7379781097595969896474343840964138507843
21.70000,15.2892599625616973924024932784959673881531,11.3354898280396394483204858261160552501678,8.0047936926818170633168847416527569293976,8.0047936926818170633168847416527569293976,10.6151624052377027140892096213065087795258
21.80000,15.2149813967192688579643800039775669574738,11.2445186335517615106027733418159186840057,7.9845294792156522589721134863793849945068,7.9845294792156522589721134863793849945068,10.4904410718397258506229263730347156524658
21.90000,15.1390380896150720246851051342673599720001,11.1668046780864749223383114440366625785828,7.9705900398919267146879974461626261472702,7.9705900398919267146879974461626261472702,10.3646626879176952940042610862292349338531
22.00000,15.0609467233696818766475189477205276489258,11.1055279593175679764271990279667079448700,7.9642734180892880146984680322930216789246,7.9642734180892880146984680322930216789246,10.2379278465086738236777819111011922359467
22.10000,14.9806061078493435445579962106421589851379,11.0614387177755713054239095072261989116669,7.9658762864655363600263626722153276205063,7.9658762864655363600263626722153276205063,10.1102922526938421299291803734377026557922
22.20000,14.8983543644704088393382335198111832141876,11.0330792665011134801034131669439375400543,7.9745188098409425236923198099248111248016,7.9745188098409425236923198099248111248016,9.9823960112896372720570070669054985046387
22.30000,14.8149468250246520995005994336679577827454,11.0176991167043496488986420445144176483154,7.9885027650389783815398914157412946224213,7.9885027650389783815398914157412946224213,9.8556404116510467616762980469502508640289
22.40000,14.7314635562022662185199806117452681064606,11.0125027539482847060980930109508335590363,8.0060536107932396276964936987496912479401,8.0060536107932396276964936987496912479401,9.7318590885640698928682468249462544918060
22.50000,14.6491631325700737420447694603353738784790,11.0157621910494007977376895723864436149597,8.0260744953967275705508654937148094177246,8.0260744953967275705508654937148094177246,9.6127763328260193986807280452921986579895
22.60000,14.5693041081787413304482470266520977020264,11.0267320185823258782420452916994690895081,8.0485390442383568654349801363423466682434,8.0485390442383568654349801363423466682434,9.4989580382843552541771714459173381328583
22.70000,14.4929594358692082067818773793987929821014,11.0443714328140352165519288973882794380188,8.0743374977627588862105767475441098213196,8.0743374977627588862105767475441098213196,9.3886558731577256509126527816988527774811
22.80000,14.4208522150438458453436396666802465915680,11.0673567871614437763128080405294895172119,8.1046653689943148890506563475355505943298,8.1046653689943148890506563475355505943298,9.2788782642166580671982956118881702423096
22.90000,14.3532417777715153306417050771415233612061,11.0940179433050456481169021571986377239227,8.1402795354409711592325038509443402290344,8.1402795354409711592325038509443402290344,9.1667006501946168839367601322010159492493
23.00000,14.2898843381907276750553137389943003654480,11.1226096761939352575154771329835057258606,8.1810024142581383443939557764679193496704,8.1810024142581383443939557764679193496704,9.0504891858683862437828793190419673919678
23.10000,14.2300804343497162562925950624048709869385,11.1513880135113971903138008201494812965393,8.2256714734572486946717617684043943881989,8.2256714734572486946717617684043943881989,8.9301255009466142809060329454950988292694
23.20000,14.1728034573962737852070858934894204139709,11.1783311086768772923960568732582032680511,8.2724442413912804283881996525451540946960,8.2724442413912804283881996525451540946960,8.8062460832905884444699040614068508148193
23.30000,14.1168844483263367095560170128010213375092,11.2007845103916281459532910957932472229004,8.3192118843500644231880869483575224876404,8.3192118843500644231880869483575224876404,8.6792451900178360091331342118792235851288
23.40000,14.0612145900985758828483085380867123603821,11.2154351782562518025088138529099524021149,8.3639381354547790436981813400052487850189,8.3639381354547790436981813400052487850189,8.5487734974452713743175991112366318702698
23.50000,14.0049236833238346378038841066882014274597,11.2188968990174071649335019174031913280487,8.4049060794764187676264555193483829498291,8.4049060794764187676264555193483829498291,8.4140084233884042674844749853946268558502
23.60000,13.9475015900800407564474880928173661231995,11.2088497927471841819624387426301836967468,8.4409485250789781929370292345993220806122,8.4409485250789781929370292345993220806122,8.2744543326692685525358683662489056587219
23.70000,13.8888465238841174453909843578003346920013,11.1852584111996566917923701112158596515656,8.4716853240094902588452896452508866786957,8.4716853240094902588452896452508866786957,8.1307342870647936194927751785144209861755
23.80000,13.8292422641537200433958787471055984497070,11.1509510266215361440345077426172792911530,8.4976635316332682634765660623088479042053,8.4976635316332682634765660623088479042053,7.9848662275087205486556740652304142713547
23.90000,13.7692792129157730585120589239522814750671,11.1109948329575800585189426783472299575806,8.5202406751104238225025255815126001834869,8.5202406751104238225025255815126001834869,7.8397926956525036956691110390238463878632
24.00000,13.7097388050472943632485112175345420837402,11.0708813337582334668240946484729647636414,8.5411597694456666829410096397623419761658,8.5411597694456666829410096397623419761658,7.6983005999141944641905865864828228950500
24.10000,13.6514591198480452760577463777735829353333,11.0343191419924266938323853537440299987793,8.5619803553522668693176456145010888576508,8.5619803553522668693176456145010888576508,7.5618175511359373430764208023902028799057
24.20000,13.5951960395517783553032131749205291271210,11.0019729638544561112212250009179115295410,8.5836799859757366704116066102869808673859,8.5836799859757366704116066102869808673859,7.4298090314547611257012249552644789218903
24.30000,13.5414922373737933725124094053171575069427,10.9721022762680497919518529670313000679016,8.6066756863474189742646558443084359169006,8.6066756863474189742646558443084359169006,7.3002431409470061041133703838568180799484
24.40000,13.4905664199330477259763938491232693195343,10.9427512844935428404369304189458489418030,8.6312431349810090353003033669665455818176,8.6312431349810090353003033669665455818176,7.1708314344645733839911372342612594366074
24.50000,13.4422365644780015259129868354648351669312,10.9140427485788240602460064110346138477325,8.6580135979145183000582619570195674896240,8.6580135979145183000582619570195674896240,7.0402521172277889860424693324603140354156
24.60000,13.3958913719013690268866412225179374217987,10.8891212276084985433044494129717350006104,8.6881287385090555375199983245693147182465,8.6881287385090555375199983245693147182465,6.9087551224917564951510939863510429859161
24.70000,13.3505214780328049783975075115449726581573,10.8732161347596232303658325690776109695435,8.7228296514680856432732980465516448020935,8.7228296514680856432732980465516448020935,6.7780783098562586985735833877697587013245
24.80000,13.3048146071888684360828847275115549564362,10.8714115194664824315395890153013169765472,8.7626462234839763709715043660253286361694,8.7626462234839763709715043660253286361694,6.6509336796873999020363044110126793384552
24.90000,13.2573072818773081138488123542629182338715,10.8863229519825921443043625913560390472412,8.8066838842088248640038727899082005023956,8.8066838842088248640038727899082005023956,6.5302624654422505301454293658025562763214
25.00000,13.2065726644940539813433133531361818313599,10.9168638852048704990238547907210886478424,8.8525257224044118231631728122010827064514,8.8525257224044118231631728122010827064514,6.4183851048901026103976619197055697441101
25.10000,13.1514136793704903283241947065107524394989,10.9590764491401309044249501312151551246643,8.8969233543940191566434805281460285186768,8.8969233543940191566434805281460285186768,6.3166434197225838076406034815590828657150
25.20000,13.0910264953119206410292463260702788829803,11.0086734572166911050317139597609639167786,8.9369633053672306033377026324160397052765,8.9369633053672306033377026324160397052765,6.2257733417941514275639747211243957281113
25.30000,13.0251036675766922456887186854146420955658,11.0633254736707034027176632662303745746613,8.9711031478271365813270676881074905395508,8.9711031478271365813270676881074905395508,6.1462228455931224857522465754300355911255
25.40000,12.9538581140670370217549134395085275173187,11.1232227930836540252812483231537044048309,8.9995507334346029892913065850734710693359,8.9995507334346029892913065850734710693359,6.0779794402814868448103879927657544612885
25.50000,12.8779654322933883037194391363300383090973,11.1898363699604264098752537393011152744293,9.0238324539059799889173518749885261058807,9.0238324539059799889173518749885261058807,6.0201368944418547357599891256541013717651
25.60000,12.7984380450684778196546176332049071788788,11.2638968635061580414458148879930377006531,9.0458328660452309577522100880742073059082,9.0458328660452309577522100880742073059082,5.9706691764841739455960123450495302677155
25.70000,12.7164560283656236094884661724790930747986,11.3440076009359707143175910459831357002258,9.0668465643111684215682544163428246974945,9.0668465643111684215682544163428246974945,5.9267705006792565924911286856513470411301
25.80000,12.6331844827728687619128322694450616836548,11.4267907384766331801984051708132028579712,9.0871217344901769052967210882343351840973,9.0871217344901769052967210882343351840973,5.8857317522691481315177952637895941734314
25.90000,12.5496068384927479399948424543254077434540,11.5083995511117755938812479143962264060974,9.1060414161020357681763925938867032527924,9.1060414161020357681763925938867032527924,5.8459235574004511093448854808229953050613
26.00000,12.4663994039065642027708236128091812133789,11.5864136490763982578755530994385480880737,9.1227123851547382571425259811803698539734,9.1227123851547382571425259811803698539734,5.8073882826734868345397444500122219324112
26.10000,12.3838659435227196325968179735355079174042,11.6610551104560808965970863937400281429291,9.1365566406343905470066601992584764957428,9.1365566406343905470066601992584764957428,5.7718077727100194351805839687585830688477
26.20000,12.3019421326577802489055102341808378696442,11.7351806947074646103601480717770755290985,9.1475973719744700929368264041841030120850,9.1475973719744700929368264041841030120850,5.7419280834163055615704251977149397134781
26.30000,12.2202683614516871557498234324157238006592,11.8132418658126230326388395042158663272858,9.1563753602365345329872070578858256340027,9.1563753602365345329872070578858256340027,5.7207595067912420105926685209851711988449
26.40000,12.1383169442429146300810316461138427257538,11.8989734110000782152383180800825357437134,9.1636397722424280942732366384007036685944,9.1636397722424280942732366384007036685944,5.7100108107581366567728764493949711322784
26.50000,12.0555491547862345669273054227232933044434,11.9938479683576080248030848451890051364899,9.1700259249182849430326314177364110946655,9.1700259249182849430326314177364110946655,5.7093452733072709293082880321890115737915
26.60000,11.9715713640927496896892989752814173698425,12.0969708446078083596830765600316226482391,9.1758737157728678113244313863106071949005,9.1758737157728678113244313863106071949005,5.7167947771548224267235127626918256282806
26.70000,11.8862593731609713643138093175366520881653,12.2049949944827389458623656537383794784546,9.1812296937467614554861938813701272010803,9.1812296937467614554861938813701272010803,5.7287949801501865110253675084095448255539
26.80000,11.7998259648533867505193484248593449592590,12.3129118665713690461416263133287429809570,9.1859854281688360089219713700003921985626,9.1859854281688360089219713700003921985626,5.7407669750870828906386122980620712041855
26.90000,11.7128175871432134158567350823432207107544,12.4152710894241913308633229462429881095886,9.1900670337985221891585752018727362155914,9.1900670337985221891585752018727362155914,5.7479546089703594802244879247155040502548
27.00000,11.6260395320024692011884326348081231117249,12.5074409235693622122198576107621192932129,9.1935964287735938427204018807969987392426,9.1935964287735938427204018807969987392426,5.7462875980246446161459061841014772653580
27.10000,11.5404222421505995299639835138805210590363,12.5866263054290907774657171103172004222870,9.1969669423584896605916583212092518806458,9.1969669423584896605916583212092518806458,5.7331146628627100980679642816539853811264
27.20000,11.4568524521496524215535828261636197566986,12.6524364082634974693064577877521514892578,9.2007976571965066625580220716074109077454,9.2007976571965066625580220716074109077454,5.7076935460201374539224161708261817693710
27.30000,11.3760005777312205310636272770352661609650,12.7068296937112865663266347837634384632111,9.2057589243417101698696569656021893024445,9.2057589243417101698696569656021893024445,5.6713124227590885340077875298447906970978
27.40000,11.2981788914371499288336053723469376564026,12.7533647556832345770772008108906447887421,9.2123101751644345114300449495203793048859,9.2123101751644345114300449495203793048859,5.6269232967915145948722965840715914964676
27.50000,11.2232618715045919799422335927374660968781,12.7958056233184596095497909118421375751495,9.2204518569432938335239668958820402622223,9.2204518569432938335239668958820402622223,5.5781637809364621460872513125650584697723
27.60000,11.1506895282585887230197840835899114608765,12.8365351458419478802852609078399837017059,9.2296215116331445926789456279948353767395,9.2296215116331445926789456279948353767395,5.5279816508342447534118946350645273923874
27.70000,11.0795575030465940358226362150162458419800,12.8762452283582380374582498916424810886383,9.2388136281881010347660776460543274879456,9.2388136281881010347660776460543274879456,5.4781754750286326682839899149257689714432
27.80000,11.0087780514655229069376218831166625022888,12.9146651902475539941406168509274721145630,9.2468859146780548741162419901229441165924,9.2468859146780548741162419901229441165924,5.4296714123569671528457547537982463836670
27.90000,10.9372791173782637486056046327576041221619,12.9515402047136305441199510823935270309448,9.2529088716179366258529626065865159034729,9.2529088716179366258529626065865159034729,5.3830015788560201528412108018528670072556
28.00000,10.8641996985719107016166162793524563312531,12.9873677831478477884274980169720947742462,9.2563959538003821592155873076990246772766,9.2563959538003821592155873076990246772766,5.3387755741189941716129396809265017509460
28.10000,10.7890413109844320871388845262117683887482,13.0234742030303785043088282691314816474915,9.2573271085749322395486160530708730220795,9.2573271085749322395486160530708730220795,5.2978612968649452241720609890762716531754
28.20000,10.7117466623567683114970350288785994052887,13.0614347237666397205657631275244057178497,9.2559975778390395362293929792940616607666,9.2559975778390395362293929792940616607666,5.2611862304453289596040121978148818016052
28.30000,10.6326935492111100955980873550288379192352,13.1022324526855289406057636369951069355011,9.2528164145695406261893367627635598182678,9.2528164145695406261893367627635598182678,5.2292931727575568956467577663715928792953
28.40000,10.5526092602796630615102912997826933860779,13.1457191575922376358676046947948634624481,9.2481914934960247620665541035123169422150,9.2481914934960247620665541035123169422150,5.2019454308798511732447877875529229640961
28.50000,10.4724244559906605189780748332850635051727,13.1907996101688080869962504948489367961884,9.2425598801700417084248329047113656997681,9.2425598801700417084248329047113656997681,5.1781043058193878536599186190869659185410
28.60000,10.3930941404891825641243485733866691589355,13.2363322900515569813251204323023557662964,9.2365021318669224825725905247963964939117,9.2365021318669224825725905247963964939117,5.1564221668068945803042879560962319374084
28.70000,10.3154173690785029293692787177860736846924,13.2822469351862952890996893984265625476837,9.2307982618134563068679199204780161380768,9.2307982618134563068679199204780161380768,5.1360677806378864929115479753818362951279
28.80000,10.2398873838553363668779638828709721565247,13.3300223275211600082457152893766760826111,9.2263013710784935739184220437891781330109,9.2263013710784935739184220437891781330109,5.1173069692195110036436744849197566509247
28.90000,10.1665996245370546802178068901412189006805,13.3814597333248119781501372926868498325348,9.2236178562388495549839717568829655647278,9.2236178562388495549839717568829655647278,5.1008236453841657720431612688116729259491
29.00000,10.0952356710622002111676920321770012378693,13.4364606083126361113500024657696485519409,9.2227228850090252620930186822079122066498,9.2227228850090252620930186822079122066498,5.0862505093567875746884965337812900543213
29.10000,10.0251269813104677552928478689864277839661,13.4926179370323762185535088065080344676971,9.2227138650468436509299863246269524097443,9.2227138650468436509299863246269524097443,5.0723171882491575601648037263657897710800
29.20000,9.9553858451613432833937622490338981151581,13.5458333561754802332188774016685783863068,9.2218572531260942781727862893603742122650,9.2218572531260942781727862893603742122650,5.0575046950846331839102276717312633991241
29.30000,9.8850762756777399431484809610992670059204,13.5908931744365446547817555256187915802002,9.2179436268962060552212278707884252071381,9.2179436268962060552212278707884252071381,5.0400821963218724874877807451412081718445
29.40000,9.8133885776044422755148843862116336822510,13.6223001557161609298418625257909297943115,9.2088234895649918598792282864451408386230,9.2088234895649918598792282864451408386230,5.0180417541906177092414509388618171215057
29.50000,9.7397807882063140993977867765352129936218,13.6354368305867215127591407508589327335358,9.1929297716880888913237868109717965126038,9.1929297716880888913237868109717965126038,4.9893580754168578295093539054505527019501
29.60000,9.6640584154364095326172900968231260776520,13.6277826792104796993498894153162837028503,9.1696186102589543054364185081794857978821,9.1696186102589543054364185081794857978821,4.9526038741289815092727621959056705236435
29.70000,9.5863785040424929206892556976526975631714,13.5997283089895457663942579529248178005219,9.1392446026777385270634113112464547157288,9.1392446026777385270634113112464547157288,4.9076176076765616329566910280846059322357
29.80000,9.5071809203324590953343431465327739715576,13.5545758817343795499255065806210041046143,9.1029824936620542530363309197127819061279,9.1029824936620542530363309197127819061279,4.8557918147427292510087681876029819250107
29.90000,9.4270647174310706617461619316600263118744,13.4976088131412410575649118982255458831787,9.0624749245286011500866152346134185791016,9.0624749245286011500866152346134185791016,4.7997236815151094191378433606587350368500
30.00000,9.3466375520422051437208210700191557407379,13.4345342117830703898562205722555518150330,9.0194085850551175553846405819058418273926,9.0194085850551175553846405819058418273926,4.7423545937150404228077604784630239009857
30.10000,9.2663699388120281952296863892115652561188,13.3699137763254629618359103915281593799591,8.9751090439684055866109702037647366523743,8.9751090439684055866109702037647366523743,4.6860656272006808720220760733354836702347
30.20000,9.1864836792864963399551925249397754669189,13.3061745428312381278601606027223169803619,8.9302219664494408846167061710730195045471,8.9302219664494408846167061710730195045471,4.6322142892188544749387801857665181159973
30.30000,9.1068962544926357338681555120274424552917,13.2434055812789903683324155281297862529755,8.8845318522923211190800429903902113437653,8.8845318522923211190800429903902113437653,4.5812381311869829758620653592515736818314
30.40000,9.0272320951741118477684722165577113628387,13.1797198582956962553680568817071616649628,8.8369575698163131960427563171833753585815,8.8369575698163131960427563171833753585815,4.5330368138371825992294361640233546495438
30.50000,8.9468993899477737841152702458202838897705,13.1118710286395749875509864068590104579926,8.7857441916386544988881723838858306407928,8.7857441916386544988881723838858306407928,4.4872820353100388857114921847824007272720
30.60000,8.8652192820054818156449982780031859874725,13.0360044860975410330183876794762909412384,8.7288332512277779784426456899382174015045,8.7288332512277779784426456899382174015045,4.4435572656474686681349339778535068035126
30.70000,8.7815847735966698905940575059503316879272,12.9485226564555926387356521445326507091522,8.6643439558659682830921155982650816440582,8.6643439558659682830921155982650816440582,4.4014195183203277395023178542032837867737
30.80000,8.6956211707404200694782048230990767478943,12.8469625208591011755743238609284162521362,8.5910556542423162085242438479326665401459,8.5910556542423162085242438479326665401459,4.3604723831148879398256212880369275808334
30.90000,8.6073193428372611890608823159709572792053,12.7307103960889982374737883219495415687561,8.5087665891944901375154586276039481163025,8.5087665891944901375154586276039481163025,4.3204965605372773751469139824621379375458
31.00000,8.5171144262999529672697462956421077251434,12.6013810625286932776134563027881085872650,8.4184250429732117027015192434191703796387,8.4184250429732117027015192434191703796387,4.2816454028822237276585838117171078920364
31.10000,8.4258780253609959487448577419854700565338,12.4626531113425613739309483207762241363525,8.3219865983430629796657740371301770210266,8.3219865983430629796657740371301770210266,4.2445579400174322515226776886265724897385
31.20000,8.3348237031842611344245597138069570064545,12.3192731207137367022141916095279157161713,8.2220357204690142083336468203924596309662,8.2220357204690142083336468203924596309662,4.2100253829599694199714576825499534606934
31.30000,8.2453613232694813461876037763431668281555,12.1755869199887847287300246534869074821472,8.1212924381686804053970263339579105377197,8.1212924381686804053970263339579105377197,4.1783633669209070404804151621647179126740
31.40000,8.1588899970718422594018193194642663002014,12.0347711438907669645459463936276733875275,8.0221600923087237333675147965550422668457,8.0221600923087237333675147965550422668457,4.1493409563451608690343164198566228151321
31.50000,8.0765632195067080800754411029629409313202,11.8987882773301620886741147842258214950562,7.9264299022376913939069709158502519130707,7.9264299022376913939069709158502519130707,4.1224916923614864927571943553630262613297
31.60000,7.9990899730246303178660127741750329732895,11.7686025933532789622404379770159721374512,7.8351698387568458059604381560347974300385,7.8351698387568458059604381560347974300385,4.0973528888642176681855744391214102506638
31.70000,7.9266264042550726998115351307205855846405,11.6444976854553505773992583272047340869904,7.7487558713230777485136968607548624277115,7.7487558713230777485136968607548624277115,4.0736123470642668920049800362903624773026
31.80000,7.8587876692103000308975424559321254491806,11.5263654365090069120469706831499934196472,7.6669941254786211359828485001344233751297,7.6669941254786211359828485001344233751297,4.0511648547620646709788161388132721185684
31.90000,7.7947757601304825669785714126192033290863,11.4138785269438631786442783777602016925812,7.5893110681147639695609541377052664756775,7.5893110681147639695609541377052664756775,4.0300321508448178065009415149688720703125
32.00000,7.7335893158040924788565462222322821617126,11.3065680528968623974606089177541434764862,7.5150044859983440304063151415903121232986,7.5150044859983440304063151415903121232986,4.0101483967042650391476854565553367137909
32.10000,7.6742605910792285328625439433380961418152,11.2039397528957263006077482714317739009857,7.4435260344223559414444935100618749856949,7.4435260344223559414444935100618749856949,3.9911482751302438387597248947713524103165
32.20000,7.6160560082430128758801402000244706869125,11.1057475195379300458853322197683155536652,7.3747232174886354627574291953351348638535,7.3747232174886354627574291953351348638535,3.9723570928036706639829844789346680045128
32.30000,7.5585847982800933309022184403147548437119,11.0123425851967287059096634038724005222321,7.3089392546822926632898997922893613576889,7.3089392546822926632898997922893613576889,3.9530488741122362661428724095458164811134
32.40000,7.5017858951730636007937391696032136678696,10.9247887595164243634826561901718378067017,7.2468825211599403601780977624002844095230,7.2468825211599403601780977624002844095230,3.9328096123696063557417801348492503166199
32.50000,7.4458003459547921210059939767234027385712,10.8444308799977680024539949954487383365631,7.1892467477545363152557911234907805919647,7.1892467477545363152557911234907805919647,3.9117377304434874929484067251905798912048
32.60000,7.3907737171113900842556176939979195594788,10.7719190822208314983754462446086108684540,7.1361768265233713748330046655610203742981,7.1361768265233713748330046655610203742981,3.8903391462854775006974250572966411709785
32.70000,7.3366567575392895861341457930393517017365,10.7061396333354661436487731407396495342255,7.0867856249128351464605657383799552917480,7.0867856249128351464605657383799552917480,3.8692251410490858809509973070817068219185
32.80000,7.2830728916775280268325332144740968942642,10.6437297893952624860958167118951678276062,7.0389633161832900754006914212368428707123,7.0389633161832900754006914212368428707123,3.8488760487062103621269670838955789804459
32.90000,7.2292985810792238510202878387644886970520,10.5796142279432707766773091861978173255920,6.9896322340190932820291891403030604124069,6.9896322340190932820291891403030604124069,3.8296483409843071754607990442309528589249
33.00000,7.1743690895445837441002367995679378509521,10.5084212077467924473239690996706485748291,6.9354135063314306108850360033102333545685,6.9354135063314306108850360033102333545685,3.8119632846285145255649240425555035471916
33.10000,7.1172902617358424492977064801380038261414,10.4261602708905538605677065788768231868744,6.8734908972715418329357817128766328096390,6.8734908972715418329357817128766328096390,3.7964687380833126439938496332615613937378
33.20000,7.0573125480096905448590405285358428955078,10.3314972855767788217917768633924424648285,6.8023862950093656465355707041453570127487,6.8023862950093656465355707041453570127487,3.7840372435677385176688858337001875042915
33.30000,6.9942070958844748673755020718090236186981,10.2262771982473452681006165221333503723145,6.7224231557213185439536573539953678846359,6.7224231557213185439536573539953678846359,3.7756379826891830475688038859516382217407
33.40000,6.9284750718507970290716002637054771184921,10.1153461455577904359870444750413298606873,6.6357908693982388115273352013900876045227,6.6357908693982388115273352013900876045227,3.7722394786121102860931841860292479395866
33.50000,6.8614249388501855619892921822611242532730,10.0060302366484314973149594152346253395081,6.5462541283963320282168751873541623353958,6.5462541283963320282168751873541623353958,3.7749469187059534469597110728500410914421
33.60000,6.7950777176390459999311133287847042083740,9.9019001781228919156774281873367726802826,6.4586264403430266867189857293851673603058,6.4586264403430266867189857293851673603058,3.7797250150758845421705700573511421680450
33.70000,6.7319082342706426658196505741216242313385,9.8046222295965996806899056537076830863953,6.3781431723844397296829811239149421453476,6.3781431723844397296829811239149421453476,3.7802441190983628871435939799994230270386
33.80000,6.6744759632894705703165527665987610816956,9.7181260530549717913118001888506114482880,6.3098453519114681142809786251746118068695,6.3098453519114681142809786251746118068695,3.7729113125215061330663957051001489162445
33.90000,6.6250139016024842675278705428354442119598,9.6487339923829082977135840337723493576050,6.2580078184865328694286290556192398071289,6.2580078184865328694286290556192398071289,3.7577322570123277145626161654945462942123
34.00000,6.5850404377811164735589954943861812353134,9.6038030849770468222459385287947952747345,6.2255251359885130923998985963407903909683,6.2255251359885130923998985963407903909683,3.7377932507811379991835565306246280670166
34.10000,6.5550664265714893019776354776695370674133,9.5888781129886329068767736316658556461334,6.2131892492634097635573198203928768634796,6.2131892492634097635573198203928768634796,3.7175660410333022376505596184870228171349
34.20000,6.5344765853162840585355297662317752838135,9.6023631278767620500502744107507169246674,6.2190975395917087453767635452095419168472,6.2190975395917087453767635452095419168472,3.6986446340096281737430672365007922053337
34.30000,6.5216375007231643934346720925532281398773,9.6351449665804320687811923562549054622650,6.2386994382019071991862801951356232166290,6.2386994382019071991862801951356232166290,3.6793835908997816197540942084742709994316
34.40000,6.5142206792788437397234702075365930795670,9.6757362853296910998324165120720863342285,6.2657701834900283444085289374925196170807,6.2657701834900283444085289374925196170807,3.6584165976284781507388288446236401796341
34.50000,6.5096601412151775534198350214865058660507,9.7143016138497522149464202811941504478455,6.2940160945058840624710683187004178762436,6.2940160945058840624710683187004178762436,3.6359295660531603111564891150919720530510
34.60000,6.5056245547319049293832904368173331022263,9.7446444784152923546116653596982359886169,6.3186250343612071489474146801512688398361,6.3186250343612071489474146801512688398361,3.6130189644247812097432870359625667333603
34.70000,6.5003862664846483454539338708855211734772,9.7644694398931104473149389377795159816742,6.3371585431130128540644363965839147567749,6.3371585431130128540644363965839147567749,3.5905386201517335287292098655598238110542
34.80000,6.4930102154213216181233292445540428161621,9.7746538140680083728284444077871739864349,6.3495618801171289646845252718776464462280,6.3495618801171289646845252718776464462280,3.5685402692550716174935132585233077406883
34.90000,6.4833513772351061277277040062472224235535,9.7780509849211174611127717071212828159332,6.3574602100045485286727853235788643360138,6.3574602100045485286727853235788643360138,3.5464819421471265314949050662107765674591
35.00000,6.4718988560712373825367649260442703962326,9.7782504354396859724829482729546725749969,6.3631525708704153032613248797133564949036,6.3631525708704153032613248797133564949036,3.5238441497700931925862732896348461508751
35.10000,6.4595360365030911609096619940828531980515,9.7786367175263713136246224166825413703918,6.3687583807295977678109011321794241666794,6.3687583807295977678109011321794241666794,3.5006559925702656066448525962186977267265
35.20000,6.4473069666482798467654902196954935789108,9.7819197537938649134048318956047296524048,6.3758244490552922201231922372244298458099,6.3758244490552922201231922372244298458099,3.4775778223315603199239376408513635396957
35.30000,6.4362654366020004559345579764340072870255,9.7901353031696949358320125611498951911926,6.3854376910896339936130061687435954809189,6.3854376910896339936130061687435954809189,3.4555253575924269604513483500340953469276
35.40000,6.4274398916157489125566826260183006525040,9.8049904254587954000044192071072757244110,6.3986381806626679846772276505362242460251,6.3986381806626679846772276505362242460251,3.4351539557492092313850662321783602237701
35.50000,6.4218907058633014628412638558074831962585,9.8283655424691307445073107373900711536407,6.4168118490495782424432036350481212139130,6.4168118490495782424432036350481212139130,3.4166325502332757224621673231013119220734
35.60000,6.4207862935846646834647799551021307706833,9.8627786047532470803389514912851154804230,6.4418100068149817261087264341767877340317,6.4418100068149817261087264341767877340317,3.3999448847079474234078588779084384441376
35.70000,6.4254072796446157767036311270203441381454,9.9115977473166765321366256102919578552246,6.4757439286357554308892758854199200868607,6.4757439286357554308892758854199200868607,3.3855171696897805588832852663472294807434
35.80000,6.4370207529186451722580386558547616004944,9.9787636175656668768851886852644383907318,6.5206153133967177382146473973989486694336,6.5206153133967177382146473973989486694336,3.3745537436908761286247226962586864829063
35.90000,6.4566369680712822898271951999049633741379,10.0679452422248179033203996368683874607086,6.5780257044427772328276660118717700242996,6.5780257044427772328276660118717700242996,3.3685308014105457274922628130298107862473
36.00000,6.4847296541439236605697260529268532991409,10.1814669910114954376467721886001527309418,6.6490858775817693882004277838859707117081,6.6490858775817693882004277838859707117081,3.3680248899918798777264328236924484372139
36.10000,6.5210281676667660732960030145477503538132,10.3196467900731345679332662257365882396698,6.7344118474756236025768885156139731407166,6.7344118474756236025768885156139731407166,3.3718512627886529919862823589937761425972
36.20000,6.5644607177787301921512153057847172021866,10.4809070686229937052758032223209738731384,6.8339727268841814478150809009093791246414,6.8339727268841814478150809009093791246414,3.3774223326333623340644862764747813344002
36.30000,6.6132639050903279098747589159756898880005,10.6622606189689701494671680848114192485809,6.9466895611620937955876797786913812160492,6.9466895611620937955876797786913812160492,3.3821454017351113563449871435295790433884
36.40000,6.6652137647406028975183289730921387672424,10.8594057069782241597977190394885838031769,7.0699641439557598943110861000604927539825,7.0699641439557598943110861000604927539825,3.3846911838073063805154561123345047235489
36.50000,6.7179047091749044540165414218790829181671,11.0662245748395093869476113468408584594727,7.1994810753650897439115396991837769746780,7.1994810753650897439115396991837769746780,3.3851671332842347972302832204150035977364
36.60000,6.7690081674431237246380987926386296749115,11.2742948253215402587557036895304918289185,7.3295215752665434649770759278908371925354,7.3295215752665434649770759278908371925354,3.3842598422315766093504407763248309493065
36.70000,6.8164694055555958840386665542609989643097,11.4732260767618807761891730478964745998383,7.4537468319792736792805953882634639739990,7.4537468319792736792805953882634639739990,3.3822018183589297457558586756931617856026
36.80000,6.8586332211521146007271454436704516410828,11.6521185565515210669218504335731267929077,7.5661760297961118126863766519818454980850,7.5661760297961118126863766519818454980850,3.3783997181114115981870327232172712683678
36.90000,6.8943150811589477555685334664303809404373,11.8017116949718854357342934235930442810059,7.6620401310554369089800275105517357587814,7.6620401310554369089800275105517357587814,3.3719465140199589292535620188573375344276
37.00000,6.9228470106572554954027509666047990322113,11.9163891194053537248009888571687042713165,7.7383128281617690191751535166986286640167,7.7383128281617690191751535166986286640167,3.3626104737390707377642229403136298060417
37.10000,6.9441242585080482641046728531364351511002,11.9952960166329543056917827925644814968109,7.7938935507227622423442880972288548946381,7.7938935507227622423442880972288548946381,3.3516331736954785291970893013058230280876
37.20000,6.9586591288291250734232562535908073186874,12.0421869742507059442004901939071714878082,7.8295442316593533149671202409081161022186,7.8295442316593533149671202409081161022186,3.3417576397611234995110862655565142631531
37.30000,6.9676175139034803862614353420212864875793,12.0640583936953422750093523063696920871735,7.8477138263042540700098470551893115043640,7.8477138263042540700098470551893115043640,3.3362482549903149653403033880749717354774
37.40000,6.9727892490956637772114845574833452701569,12.0693952990752535470164730213582515716553,7.8523271872056668030381842982023954391479,7.8523271872056668030381842982023954391479,3.3375301737595832740623791323741897940636
37.50000,6.9764490567021075761999782116618007421494,12.0665958836616837857036443892866373062134,7.8485152394625732341637558420188724994659,7.8485152394625732341637558420188724994659,3.3460144614386448935761109169106930494308
37.60000,6.9811050955009337215528830711264163255692,12.0628735408753655633518064860254526138306,7.8421913789974757591494380903895944356918,7.8421913789974757591494380903895944356918,3.3595958783813482106950232264352962374687
37.70000,6.9891787609666540248554156278260052204132,12.0645324999905003693356775329448282718658,7.8393915815814034786512820573989301919937,7.8393915815814034786512820573989301919937,3.3749280977943478809777388960355892777443
37.80000,7.0026780463839175538964809675235301256180,12.0776337125433776975569344358518719673157,7.8453989890514161942292048479430377483368,7.8453989890514161942292048479430377483368,3.3895137808244633070842155575519427657127
37.90000,7.0229180907029586933276732452213764190674,12.1071755279461097387638801592402160167694,7.8638153956460081772661396826151758432388,7.8638153956460081772661396826151758432388,3.4024628273570516334700641891686245799065
38.00000,7.0503320590358962149934995977673679590225,12.1547771020664008290168567327782511711121,7.8958437971225947649145382456481456756592,7.8958437971225947649145382456481456756592,3.4134215668571070700920699891867116093636
38.10000,7.0844096982052500166560093930456787347794,12.2167082090876899513887110515497624874115,7.9400397984636130743751891714055091142654,7.9400397984636130743751891714055091142654,3.4210383103657133752051322517218068242073
38.20000,7.1237844096033269281065258837770670652390,12.2842243842563654254718130687251687049866,7.9926511298958766715827550797257572412491,7.9926511298958766715827550797257572412491,3.4227065340679390104128287930507212877274
38.30000,7.1664570417932198509447516698855906724930,12.3463146911735339728011240367777645587921,8.0484557773948033343458519084379076957703,8.0484557773948033343458519084379076957703,3.4158601781771471550541718897875398397446
38.40000,7.2101099479917545309604065550956875085831,12.3931671345560090458093327470123767852783,8.1018496047468939735836102045141160488129,8.1018496047468939735836102045141160488129,3.3995778730539765177809385932050645351410
38.50000,7.2524461467778786882831809634808450937271,12.4186007954985058177044265903532505035400,8.1478929969362834384583038627170026302338,8.1478929969362834384583038627170026302338,3.3752609484038180731602096784627065062523
38.60000,7.2914915939330153804576184484176337718964,12.4207386510339521379364668973721563816071,8.1830809298680282637405980494804680347443,8.1830809298680282637405980494804680347443,3.3460683852309127672697286470793187618256
38.70000,7.3258175039294695096714349347166717052460,12.4011531680708948499614052707329392433167,8.2057002499292863717528234701603651046753,8.2057002499292863717528234701603651046753,3.3155701721417929483948228153167292475700
38.80000,7.3546656225165927267539700551424175500870,12.3632586679174973909312029718421399593353,8.2157529630197085879217411275021731853485,8.2157529630197085879217411275021731853485,3.2864183643946729418416907719802111387253
38.90000,7.3779840310756892307608723058365285396576,12.3108251136034478889769161469303071498871,8.2145420879167367900208773789927363395691,8.2145420879167367900208773789927363395691,3.2597249688456639837852435448439791798592
39.00000,7.3963982626782964757694571744650602340698,12.2472000979481254745451224152930080890656,8.2041141190018844753240045974962413311005,8.2041141190018844753240045974962413311005,3.2353701226226507792205211444525048136711
39.10000,7.4111483937061635174359253142029047012329,12.1754041363616138937686628196388483047485,8.1867901964059708319609853788278996944427,8.1867901964059708319609853788278996944427,3.2129721372558357472826173761859536170959
39.20000,7.4240101955821335977248054405208677053452,12.0987257352479424810098862508311867713928,8.1649627730552865045865473803132772445679,8.1649627730552865045865473803132772445679,3.1928103847195052900076461810385808348656
39.30000,7.4371861094197440067432580690365284681320,12.0211330821255195644425839418545365333557,8.1411905963659521034969657193869352340698,8.1411905963659521034969657193869352340698,3.1759379988133580319242810219293460249901
39.40000,7.4531242792977048239322357403580099344254,11.9472053393226467221666098339483141899109,8.1184513120226231563947294489480555057526,8.1184513120226231563947294489480555057526,3.1634269945751043451309669762849807739258
39.50000,7.4742351382825544803267803217750042676926,11.8817215919601881779499308322556316852570,8.1002976515359268461224928614683449268341,8.1002976515359268461224928614683449268341,3.1553614271708885219425155810313299298286
39.60000,7.5025274194940472227699501672759652137756,11.8292734998648292332745768362656235694885,8.0906788246620333637793009984306991100311,8.0906788246620333637793009984306991100311,3.1504432700348088403075053065549582242966
39.70000,7.5392451505081359286464248725678771734238,11.7941117420107364210934974835254251956940,8.0933406228675917049031340866349637508392,8.0933406228675917049031340866349637508392,3.1466756467836884958444443327607586979866
39.80000,7.5846140225969751469392576836980879306793,11.7799103104777014294768378022126853466034,8.1109441216879929470451315864920616149902,8.1109441216879929470451315864920616149902,3.1426360896986915705042520130518823862076
39.90000,7.6377819655521523856123167206533253192902,11.7889484488259448369262827327474951744080,8.1442323418619224639769527129828929901123,8.1442323418619224639769527129828929901123,3.1382657306542527386739038774976506829262
