0.00000,2.0000178681712212913623716303845867514610,3.9997212270737918515806086361408233642578,2.0000156844780305753772609023144468665123,2.0000156844780305753772609023144468665123,1.9997077262889519921884584618965163826942
0.10000,2.0000059553167046644261972687672823667526,3.9996279996901442643775226315483450889587,1.9999834258915607509976553046726621687412,1.9999834258915607509976553046726621687412,1.9996671032237276488530142160016112029552
0.20000,2.0002535906320360048482598358532413840294,4.0000721348254435483227098302450031042099,2.0003958543153825822003000212134793400764,2.0003958543153825822003000212134793400764,1.9995340168267146108149745487025938928127
0.30000,2.0023966719964878535620300681330263614655,4.0051476604047424601162674662191420793533,2.0041149593048590560329103027470409870148,2.0041149593048590560329103027470409870148,1.9993144137915124236570818538893945515156
0.40000,2.0104875137454953915039368439465761184692,4.0241665002755082625185423239599913358688,2.0177528508709476895432999299373477697372,2.0177528508709476895432999299373477697372,1.9991483122791084969804842330631799995899
0.50000,2.0307927521023851902270962455077096819878,4.0690870546715478539567811822053045034409,2.0502346767362253920907733117928728461266,2.0502346767362253920907733117928728461266,1.9994104533014827040915406541898846626282
0.60000,2.0701544051062907847438054886879399418831,4.1483786330119567509200351196341216564178,2.1089211184705827228924590599490329623222,2.1089211184705827228924590599490329623222,2.0006908011770829780573421885492280125618
0.70000,2.1337732910554514376144652487710118293762,4.2616899642423362593035562895238399505615,2.1959941281153283476612614322220906615257,2.1959941281153283476612614322220906615257,2.0034749990671310015954986738506704568863
0.80000,2.2234719679900405431283161306055262684822,4.3987568585638543439131353807169944047928,2.3073855622592649439184242510236799716949,2.3073855622592649439184242510236799716949,2.0074577020353645551153931592125445604324
0.90000,2.3370845940702955623180514521664008498192,4.5426480776891109414350466977339237928391,2.4344683548981378429232336202403530478477,2.4344683548981378429232336202403530478477,2.0107959619631317060850506095448508858681
1.00000,2.4690147994770361705718642042484134435654,4.6750324418721760366679518483579158782959,2.5670830682512000286976672214223071932793,2.5670830682512000286976672214223071932793,2.0098811048468125939336914598243311047554
1.10000,2.6115741331666497693220208020647987723351,4.7808058391030101574870059266686439514160,2.6961870358277053583151428028941154479980,2.6961870358277053583151428028941154479980,2.0000059006142487660895312728825956583023
1.20000,2.7565824094915383213333370804321020841599,4.8503533096089013199048167734872549772263,2.8150903820263373233956372132524847984314,2.8150903820263373233956372132524847984314,1.9767549550477645503576695773517712950706
1.30000,2.8967995328061237891859036608366295695305,4.8790538296417258479209522192832082509995,2.9192081015310717972965903754811733961105,2.9192081015310717972965903754811733961105,1.9374371593857062645582800541887991130352
1.40000,3.0269346431481816139807961008045822381973,4.8649211609652383003776776604354381561279,3.0050482625336720765574227698380127549171,3.0050482625336720765574227698380127549171,1.8817592790460759832882331465953029692173
1.50000,3.1441450399156809503153908735839650034904,4.8062016500648292449682230653706938028336,3.0694633661881982611419061868218705058098,3.0694633661881982611419061868218705058098,1.8114199576041127848213818651856854557991
1.60000,3.2480501205040641643506660329876467585564,4.7008622410420759507587717962451279163361,3.1098812055517544017391173838404938578606,3.1098812055517544017391173838404938578606,1.7291499504426313116312030615517869591713
1.70000,3.3403435015326699009108324389671906828880,4.5487473299025902306880198011640459299088,3.1254991544760404309499790542759001255035,3.1254991544760404309499790542759001255035,1.6380925224831794917434990566107444465160
1.80000,3.4241129462663604243743975530378520488739,4.3552000880910268776347038510721176862717,3.1187307625000100230749922047834843397141,3.1187307625000100230749922047834843397141,1.5418515093573676999483268446056172251701
1.90000,3.5029977112471928357706474344013258814812,4.1337355249858447336919198278337717056274,3.0959236848702729183457904582610353827477,3.0959236848702729183457904582610353827477,1.4448858664924915107263814206817187368870
2.00000,3.5803334215451285693632144102593883872032,3.9058518650458395882196782622486352920532,3.0666146808252747746337263379245996475220,3.0666146808252747746337263379245996475220,1.3529559249404186083154399966588243842125
2.10000,3.6584409009905463072698239557212218642235,3.6975335785109475494891739799641072750092,3.0412283507452819719674153020605444908142,3.0412283507452819719674153020605444908142,1.2735177780109301348687722565955482423306
2.20000,3.7381875833228326300172739138361066579819,3.5334009892047473222476128285052254796028,3.0279593531231010494764177565230056643486,3.0279593531231010494764177565230056643486,1.2156698662813778533120512292953208088875
2.30000,3.8188848585291643722428034379845485091209,3.4302821739918947230307821882888674736023,3.0302327434822671214931233407696709036827,3.0302327434822671214931233407696709036827,1.1887015455565244081981290946714580059052
2.40000,3.8985021774570802755022214114433154463768,3.3923653042789387868083395005669444799423,3.0460275656736590654816154710715636610985,3.0460275656736590654816154710715636610985,1.1988123503887009313473299698671326041222
2.50000,3.9741099473753527249186845438089221715927,3.4110804079591683368732901726616546511650,3.0692646445889439910104101727483794093132,3.0692646445889439910104101727483794093132,1.2466610661566335238603642210364341735840
2.60000,4.0424306523576412075726693728938698768616,3.4710393685806728569787082960829138755798,3.0922305362724742394675558898597955703735,3.0922305362724742394675558898597955703735,1.3290089483933653635716609642258845269680
2.70000,4.1003844799822388722532195970416069030762,3.5562674750153897562654492503497749567032,3.1077215037260450536393818765645846724510,3.1077215037260450536393818765645846724510,1.4412089475455385212399050942622125148773
2.80000,4.1455484601178032022517072618938982486725,3.6519832220647097109633705258602276444435,3.1102459956529076023912239179480820894241,3.1102459956529076023912239179480820894241,1.5770396908766979304772348768892697989941
2.90000,4.1764864299839175032502680551260709762573,3.7441056751105619149200265383115038275719,3.0963975627325650563648196111898869276047,3.0963975627325650563648196111898869276047,1.7277969796293499715744701461517252027988
3.00000,4.1929346968906777703978150384500622749329,3.8196136629606214363263916311552748084068,3.0648438506820161464361262915190309286118,3.0648438506820161464361262915190309286118,1.8828606584872673579411639366298913955688
3.10000,4.1958394602302364617685270786751061677933,3.8685479770451118852747640630695968866348,3.0162777127886877259754783153766766190529,3.0162777127886877259754783153766766190529,2.0318320116979728950923345109913498163223
3.20000,4.1872431328541050987723792786709964275360,3.8867151566261997075457657047081738710403,2.9534045920434741638871400937205180525780,2.9534045920434741638871400937205180525780,2.1671491053933560344546549458755180239677
3.30000,4.1700213668816896728230858570896089076996,3.8775640735195633368448397959582507610321,2.8808326023620769440469757682876661419868,2.8808326023620769440469757682876661419868,2.2859202356770995656631839665351435542107
3.40000,4.1474933226154293564036379393655806779861,3.8519922739800418476363574882270768284798,2.8046861337774924294308220851235091686249,2.8046861337774924294308220851235091686249,2.3901133290404863451783512573456391692162
3.50000,4.1229659575701438356531980389263480901718,3.8257173992392354833214085374493151903152,2.7318435926211694919629735522903501987457,2.7318435926211694919629735522903501987457,2.4849961715670403350486594717949628829956
3.60000,4.0993135174062285130958116496913135051727,3.8150387971040102819131334399571642279625,2.6688187708914914431090892321662977337837,2.6688187708914914431090892321662977337837,2.5767147727272559087907666253158822655678
3.70000,4.0787084784816434179788302571978420019150,3.8326781137849375014070574252400547266006,2.6204305876872266978239167656283825635910,2.6204305876872266978239167656283825635910,2.6705254168921279678272640012437477707863
3.80000,4.0625869417359901092368090758100152015686,3.8849695356701046122793741233181208372116,2.5885766480160827818224333896068856120110,2.5885766480160827818224333896068856120110,2.7704031813739287137821065698517486453056
3.90000,4.0518509042071002568263793364167213439941,3.9701254588122885103018688823794946074486,2.5716105875606469766125883325003087520599,2.5716105875606469766125883325003087520599,2.8787551878980948139030715537955984473228
4.00000,4.0472123602459575408829550724476575851440,4.0772264112163254523579780652653425931931,2.5647857823518735997936346393544226884842,2.5647857823518735997936346393544226884842,2.9948672067585357936536638590041548013687
4.10000,4.0495139228686891641473266645334661006927,4.1883300737322288753716748033184558153152,2.5617930956066210512744873994961380958557,2.5617930956066210512744873994961380958557,3.1142578053876759369700266688596457242966
4.20000,4.0598511900639824290237811510451138019562,4.2847521761034625953357135585974901914597,2.5568671018937561001393987680785357952118,2.5568671018937561001393987680785357952118,3.2308691623799323799914873234229162335396
4.30000,4.0793826259249250654193019727244973182678,4.3534275523511736238901903561782091856003,2.5466918550069035376282045035623013973236,2.5466918550069035376282045035623013973236,3.3394264682622920581422931718407198786736
4.40000,4.1088301242031670668097831367049366235733,4.3904903134315595991665759356692433357239,2.5314400157147880499053371750051155686378,2.5314400157147880499053371750051155686378,3.4364404062051505661656847223639488220215
4.50000,4.1478190611994003589302337786648422479630,4.4017793882079851996991237683687359094620,2.5145401804269815748682503908639773726463,2.5145401804269815748682503908639773726463,3.5205180885534224088928567653056234121323
4.60000,4.1943311942020073956882697530090808868408,4.4001400147688789488142901973333209753036,2.5011332632282115007171796605689451098442,2.5011332632282115007171796605689451098442,3.5922046825144624548897809290792793035507
4.70000,4.2445705283615353664572467096149921417236,4.3999175692229837153490734635852277278900,2.4956749687227151035529004730051383376122,2.4956749687227151035529004730051383376122,3.6531381601390888747005192271899431943893
4.80000,4.2934157239184980170421113143675029277802,4.4108452960448616408939415123313665390015,2.4996447340571292805577741091838106513023,2.4996447340571292805577741091838106513023,3.7049715518491010968205046083312481641769
4.90000,4.3354047623175491210645304818172007799149,4.4347247485245215870008905767463147640228,2.5104908106474614903902420337544754147530,2.5104908106474614903902420337544754147530,3.7491478895471481713741468411171808838844
5.00000,4.3660058244307426988939369039144366979599,4.4663253732796253103742856183089315891266,2.5224661991258625626244338491233065724373,2.5224661991258625626244338491233065724373,3.7873987994586433281085646740393713116646
5.10000,4.3828572737399804637448141875211149454117,4.4966665816773900843372757663019001483917,2.5290496812989808894656107440823689103127,2.5290496812989808894656107440823689103127,3.8214244928194087691508684656582772731781
5.20000,4.3866832793342300789163346053101122379303,4.5161440081371599930548654810991138219833,2.5258495062624666260830963437911123037338,2.5258495062624666260830963437911123037338,3.8511282749464568198050073988270014524460
5.30000,4.3816477297982405758602908463217318058014,4.5164019832608115478933541453443467617035,2.5127574241314682979009376140311360359192,2.5127574241314682979009376140311360359192,3.8725348647961155279517697636038064956665
5.40000,4.3749730058919897857094838400371372699738,4.4912570274728427222044047084636986255646,2.4945441459276449513993156870128586888313,2.4945441459276449513993156870128586888313,3.8771417415095417169368374743498861789703
5.50000,4.3757436497414241571846105216536670923233,4.4375394747960799080033211794216185808182,2.4796429843641178969448901625582948327065,2.4796429843641178969448901625582948327065,3.8539971558092678272089415258960798382759
5.60000,4.3929741339402612609887910366524010896683,4.3564821171809642308403454080689698457718,2.4773762487831372247626404714537784457207,2.4773762487831372247626404714537784457207,3.7947037535549510423038555018138140439987
5.70000,4.4332102772508781285409895644988864660263,4.2552634902118606774479303567204624414444,2.4945073786291631634526311245281249284744,2.4945073786291631634526311245281249284744,3.6994590102044129231728675222257152199745
5.80000,4.4979457506210023254311636264901608228683,4.1451448482298687281399907078593969345093,2.5326887275755116668563005077885463833809,2.5326887275755116668563005077885463833809,3.5777131436998477198585533187724649906158
5.90000,4.5813286699737574281243723817169666290283,4.0327982720162509622241486795246601104736,2.5882036284880034493482980906264856457710,2.5882036284880034493482980906264856457710,3.4377196850140010475627150299260392785072
6.00000,4.6707107752399918965124925307463854551315,3.9198738300069662088276345457416027784348,2.6538817360438029524516423407476395368576,2.6538817360438029524516423407476395368576,3.2828211331593522004368423949927091598511
6.10000,4.7515653430126514322751063446048647165298,3.8089177247273160453744367259787395596504,2.7217260872096216139937041589291766285896,2.7217260872096216139937041589291766285896,3.1170308933207238055729249026626348495483
6.20000,4.8121114942117255708353695808909833431244,3.7026475738985307195605400920612737536430,2.7849438592608666276362328062532469630241,2.7849438592608666276362328062532469630241,2.9448713495885230351234440604457631707191
6.30000,4.8450456994010320244115064269863069057465,3.6013122243473345562847498513292521238327,2.8389526465562333612524525960907340049744,2.8389526465562333612524525960907340049744,2.7684526306358989700129313860088586807251
6.40000,4.8475942076167894967397842265199869871140,3.5025010176949868956342015735572203993797,2.8815170585753522303207319055218249559402,2.8815170585753522303207319055218249559402,2.5870611081610714876433121389709413051605
6.50000,4.8208464872882030860523627779912203550339,3.4043772860098875376877458620583638548851,2.9123371815117820027296602347632870078087,2.9123371815117820027296602347632870078087,2.4005494102745261741915783204603940248489
6.60000,4.7687345947810380053510925790760666131973,3.3105127033048238338608371122973039746284,2.9323933308887779602969203551765531301498,2.9323933308887779602969203551765531301498,2.2144606363083054745288791309576481580734
6.70000,4.6968842381430544463682963396422564983368,3.2332056617206488269289366144221276044846,2.9432928018822024363032596738776192069054,2.9432928018822024363032596738776192069054,2.0435042960992988447799234563717618584633
6.80000,4.6115313080610604856701684184372425079346,3.1923775384064150273388804635033011436462,2.9467945233895807000124023034004494547844,2.9467945233895807000124023034004494547844,1.9103197996883136688950344250770285725594
6.90000,4.5186445032575583979905786691233515739441,3.2066968519943488402645925816614180803299,2.9445976216805056502323623135453090071678,2.9445976216805056502323623135453090071678,1.8361461118908957157458416986628435552120
7.00000,4.4233136132624117919931450160220265388489,3.2790137582423608542114834563108161091805,2.9383699400563303427702521730680018663406,2.9383699400563303427702521730680018663406,1.8255874913921115165749142761342227458954
7.10000,4.3293834808577180695010611088946461677551,3.3963538153365004923500691802473738789558,2.9298897631275844233300631458405405282974,2.9298897631275844233300631458405405282974,1.8659577699390499372356089224922470748425
7.20000,4.2392697912006926941330675617791712284088,3.5441490448596209006382196093909442424774,2.9211230001527050958998188434634357690811,2.9211230001527050958998188434634357690811,1.9411728357549036250162544092745520174503
7.30000,4.1539014238088336483656348718795925378799,3.7124112218846510025116458564298227429390,2.9140918540829385818824448506347835063934,2.9140918540829385818824448506347835063934,2.0381289375276079312016008771024644374847
7.40000,4.0727820820093523224159071105532348155975,3.8939858543800327517203641036758199334145,2.9105029585128749936018266453174874186516,2.9105029585128749936018266453174874186516,2.1457620193636346428434080735314637422562
7.50000,3.9942127763329677847536913759540766477585,4.0814553853236974489959720813203603029251,2.9112418988043784473518371669342741370201,2.9112418988043784473518371669342741370201,2.2531843640479083390459891234058886766434
7.60000,3.9157223754049867991966493718791753053665,4.2655665721565947379190220090094953775406,2.9159356614922820050139762315666303038597,2.9159356614922820050139762315666303038597,2.3494176245770179711769287678180262446404
7.70000,3.8346939971377698164189951057778671383858,4.4354857000894361007681254704948514699936,2.9227857212203347536672026762971654534340,2.9227857212203347536672026762971654534340,2.4246082547865364098527152236783877015114
7.80000,3.7490765973331510174659797485219314694405,4.5801235153296149249513291579205542802811,2.9287874650789609276557712291833013296127,2.9287874650789609276557712291833013296127,2.4716251825048445311949762981384992599487
7.90000,3.6580024466680685080177681811619549989700,4.6898960164475322898169906693510711193085,2.9303285866982959895210569811752066016197,2.9303285866982959895210569811752066016197,2.4872412897190088187926448881626129150391
8.00000,3.5621453742524096242050291039049625396729,4.7585555502238934266756587021518498659134,2.9240535128872591208448739052983000874519,2.9240535128872591208448739052983000874519,2.4725938987017848091909399954602122306824
8.10000,3.4637364799279160010314626561012119054794,4.7847171628037505897168557567056268453598,2.9078112216676643697610415983945131301880,2.9078112216676643697610415983945131301880,2.4328311993963378512262352160178124904633
8.20000,3.3662465991362693351618418091675266623497,4.7726590434922453454191781929694116115570,2.8814617198651051310775983438361436128616,2.8814617198651051310775983438361436128616,2.3759822028983039743366134644020348787308
8.30000,3.2738111894235908394534817489329725503922,4.7321102121047067257109119964297860860825,2.8473004876417462583049200475215911865234,2.8473004876417462583049200475215911865234,2.3113204262448046044653438002569600939751
8.40000,3.1905117885788421006054704776033759117126,4.6769977872032493237952621711883693933487,2.8098916571062186875451516243629157543182,2.8098916571062186875451516243629157543182,2.2477262615696549374888491001911461353302
8.50000,3.1196475177940419243327596632298082113266,4.6233094934723446556290582520887255668640,2.7752098763107930778915033442899584770203,2.7752098763107930778915033442899584770203,2.1925372586448004241788112267386168241501
8.60000,3.0631297762428544295687515841564163565636,4.5862406656575256391761286067776381969452,2.7491875373676850635717983095673844218254,2.7491875373676850635717983095673844218254,2.1509953671650103856904934218619018793106
8.70000,3.0211056967746094947813162434613332152367,4.5768714808231623081269390240777283906937,2.7360068394342165198906968726078048348427,2.7360068394342165198906968726078048348427,2.1259634987293387631268615223234519362450
8.80000,2.9918617930377515712336844444507732987404,4.5990943941435933339789698948152363300323,2.7366576332052212627843346126610413193703,2.7366576332052212627843346126610413193703,2.1176409207709019355547752638813108205795
8.90000,2.9719979844223920473211819626158103346825,4.6480749189557446499065918033011257648468,2.7482678586145343757607406587339937686920,2.7482678586145343757607406587339937686920,2.1235371861490688338847121485741809010506
9.00000,2.9568228283237041331688033096725121140480,4.7112645364013507887079867941793054342270,2.7644539557546630170747903321171179413795,2.7644539557546630170747903321171179413795,2.1391794532157288877272094396175816655159
9.10000,2.9409194267030973612975230935262516140938,4.7717270972092151737342646811157464981079,2.7765616618083415190199048083741217851639,2.7765616618083415190199048083741217851639,2.1595232002956303851703978580189868807793
9.20000,2.9188578912964895373249873955501243472099,4.8123578361116869928082451224327087402344,2.7754023014671802549457879649708047509193,2.7754023014671802549457879649708047509193,2.1804111244738155761524467379786074161530
9.30000,2.8860541560869323873816938430536538362503,4.8194369492623829742683483345899730920792,2.7530624105302092807789904327364638447762,2.7530624105302092807789904327364638447762,2.1993662842888968000920613121706992387772
9.40000,2.8397688746526799086211667599854990839958,4.7847415443547811619851017894688993692398,2.7045066638981127837837448169011622667313,2.7045066638981127837837448169011622667313,2.2154970912112363912171986157773062586784
9.50000,2.7802065614418229877458088594721630215645,4.7063543140713823831333684211131185293198,2.6288487265167419515421443065861240029335,2.6288487265167419515421443065861240029335,2.2288634224797219118840985174756497144699
9.60000,2.7116597949181784343863910180516541004181,4.5885472372604692026243355940096080303192,2.5302293691378396900404368352610617876053,2.5302293691378396900404368352610617876053,2.2397482939029687010190627916017547249794
9.70000,2.6437656237878286447084974497556686401367,4.4398325111568279766061095870099961757660,2.4182071248472998270528933062450960278511,2.4182071248472998270528933062450960278511,2.2471838852500560790304007241502404212952
9.80000,2.5938480724365176044443614955525845289230,4.2691795782084875909845322894398123025894,2.3074629439222684723631573433522135019302,2.3074629439222684723631573433522135019302,2.2481017628004686947917889483505859971046
9.90000,2.5950674238107040991963003762066364288330,4.0879608289244462326905704685486853122711,2.2164295886025082715775624819798395037651,2.2164295886025082715775624819798395037651,2.2501690755301337887317458807956427335739
10.00000,2.6504835891298577088548427127534523606300,3.9145041044251742690107676025945693254471,2.1641586870068332260075294470880180597305,2.1641586870068332260075294470880180597305,2.2366703195413659699397612712346017360687
10.10000,2.7443255861244506554896815941901877522469,3.7736170697391595574288203351898118853569,2.1649440052492523456351136701414361596107,2.1649440052492523456351136701414361596107,2.1880546453651059657374844391597434878349
10.20000,2.8634390011553372268338080175453796982765,3.6940454769573634052903798874467611312866,2.2225954044799820508160337340086698532104,2.2225954044799820508160337340086698532104,2.1122936691527369745813302870374172925949
10.30000,2.9943464737356473293061753793153911828995,3.7086740376987270551012443320360034704208,2.3289172092995698015727157326182350516319,2.3289172092995698015727157326182350516319,2.0451860928352347812619882461149245500565
10.40000,3.1243903857350816544169447297463193535805,3.8087979478751896600385862257098779082298,2.4674982543524666134260314720449969172478,2.4674982543524666134260314720449969172478,1.9981918249053383096480729363975115120411
10.50000,3.2429595402057005415485946286935359239578,3.9561815126961197286448168597416952252388,2.6189747457557817078566131385741755366325,2.6189747457557817078566131385741755366325,1.9611915613902572985693950613494962453842
10.60000,3.3422826258292501755420289555331692099571,4.1148433884334867371990185347385704517365,2.7650120022598225766330415353877469897270,2.7650120022598225766330415353877469897270,1.9271020097430919815195693445275537669659
10.70000,3.4176881650060209061336990998825058341026,4.2558298873069935197577251528855413198471,2.8907562607142645028091010317439213395119,2.8907562607142645028091010317439213395119,1.8920055308844858643624320393428206443787
10.80000,3.4674105140848636708028607245068997144699,4.3595440119711774684674310265108942985535,2.9861323986966699095546573516912758350372,2.9861323986966699095546573516912758350372,1.8546897286627006540271622725413180887699
10.90000,3.4921272239199523390595913951983675360680,4.4158184754211573519455669156741350889206,3.0462526712642308268641500035300850868225,3.0462526712642308268641500035300850868225,1.8154403568126478152322533787810243666172
11.00000,3.4944493594191503582635505154030397534370,4.4229295209286947354598851234186440706253,3.0711178331639645833206486713606864213943,3.0711178331639645833206486713606864213943,1.7751432140199163711713481461629271507263
11.10000,3.4785504692749396049578081147046759724617,4.3861832697799556513018615078181028366089,3.0647836029978230421022544760489836335182,3.0647836029978230421022544760489836335182,1.7351665330592496161443705204874277114868
11.20000,3.4500322815193364967001343757146969437599,4.3161326691228030227875933633185923099518,3.0341797037410049853178861667402088642120,3.0341797037410049853178861667402088642120,1.6978055431601297708965603305841796100140
11.30000,3.4160499972693108006183138058986514806747,4.2263118431771218297399173025041818618774,2.9877791075510908846979418740374967455864,2.9877791075510908846979418740374967455864,1.6668036253442508609623473603278398513794
11.40000,3.3859124092422332452656519308220595121384,4.1306450615155467787076304375659674406052,2.9343086288947644035829398490022867918015,2.9343086288947644035829398490022867918015,1.6479402129682509947627977453521452844143
11.50000,3.3719451652684515607916182489134371280670,4.0410999949352657267809263430535793304443,2.8816601930191771963052360661095008254051,2.8816601930191771963052360661095008254051,1.6497247741653624508728626096853986382484
11.60000,3.3780699833835003964566112699685618281364,3.9662782106700409379129723674850538372993,2.8361031110257735043944649078184738755226,2.8361031110257735043944649078184738755226,1.6721419720019943255806538218166679143906
11.70000,3.4018843527518098923678735445719212293625,3.9112475109242099691186922427732497453690,2.8018236118874484397167634597280994057655,2.8018236118874484397167634597280994057655,1.7094846399011227600084339428576640784740
11.80000,3.4405404818684308665410753746982663869858,3.8782198596715713456717367080273106694221,2.7807587482991134031351521116448566317558,2.7807587482991134031351521116448566317558,1.7572428449417749618532980093732476234436
11.90000,3.4901316064446636922014022275106981396675,3.8671716334576915485854442522395402193069,2.7726790327109198663890765601536259055138,2.7726790327109198663890765601536259055138,1.8119451744805152859640884344116784632206
12.00000,3.5461507655426860452507753507234156131744,3.8756402660295932172118682501604780554771,2.7755024189236014997561596828745678067207,2.7755024189236014997561596828745678067207,1.8707861937250764849949291601660661399364
12.10000,3.6041680900381529717435569182271137833595,3.8977629761626908511118472233647480607033,2.7858366331137025539987916999962180852890,2.7858366331137025539987916999962180852890,1.9302577999734384928132158165681175887585
12.20000,3.6604174765906374311441595637006685137749,3.9237121508775514300282338808756321668625,2.7996978431022374600445346004562452435493,2.7996978431022374600445346004562452435493,1.9847339412637139410833242436638101935387
12.30000,3.7121828309713107429956835403572767972946,3.9412643896605907833929904882097616791725,2.8132631304395596671952262113336473703384,2.8132631304395596671952262113336473703384,2.0269209597527826360874314559623599052429
12.40000,3.7579741580477277196337126952130347490311,3.9400573160870457911642006365582346916199,2.8234610827020838463852214772487059235573,2.8234610827020838463852214772487059235573,2.0511093087306053739382605272112414240837
12.50000,3.7975470722936774947697813331615179777145,3.9162553229065690807431110442848876118660,2.8282503584171023724991300696274265646935,2.8282503584171023724991300696274265646935,2.0573016783660418305146322381915524601936
12.60000,3.8318448892846292963554333255160599946976,3.8746213234107056422317327815108001232147,2.8265770166910080263278359780088067054749,2.8265770166910080263278359780088067054749,2.0533121793133179977530744508840143680573
12.70000,3.8629223471334044326397361146518960595131,3.8268578189815718459954041463788598775864,2.8181728581634164498836980783380568027496,2.8181728581634164498836980783380568027496,2.0534344497881433788677441043546423316002
12.80000,3.8938428544709191569950235134456306695938,3.7869219387268122645195944642182439565659,2.8034601508930623303683660196838900446892,2.8034601508930623303683660196838900446892,2.0738444914116063166886760882334783673286
12.90000,3.9284562278359547171646681817946955561638,3.7655248255306488225357952615013346076012,2.7837761146388726452016726398142054677010,2.7837761146388726452016726398142054677010,2.1264288240888578052079083136050030589104
13.00000,3.9709296677575505185586735024116933345795,3.7668868672593518454050354193896055221558,2.7619048514944890548861167189897969365120,2.7619048514944890548861167189897969365120,2.2140068320279246982806853338843211531639
13.10000,4.0249808054746418761737913882825523614883,3.7897718576387977584829513943986967206001,2.7425835659312247649666005600010976195335,2.7425835659312247649666005600010976195335,2.3295855312509905488127515127416700124741
13.20000,4.0929296832075232615011373127344995737076,3.8318166751066642383705129759619012475014,2.7323935086647046510677228070562705397606,2.7323935086647046510677228070562705397606,2.4599593409847781977362046745838597416878
13.30000,4.1748416469895088809494154702406376600266,3.8935746184494557375899148610187694430351,2.7384731718401584821265259961364790797234,2.7384731718401584821265259961364790797234,2.5914699217586480983754881890490651130676
13.40000,4.2680559937017363836275762878358364105225,3.9788205112364489757226237998111173510551,2.7660256011829269517932061717147007584572,2.7660256011829269517932061717147007584572,2.7148253025723314557637877442175522446632
13.50000,4.3672565712927706726986798457801342010498,4.0906911876190488186466609477065503597260,2.8155610490126781186859261651989072561264,2.8155610490126781186859261651989072561264,2.8268256608864632539734884630888700485229
13.60000,4.4650392921639596721661291667260229587555,4.2267393507726627177589762140996754169464,2.8814474158712433116136253374861553311348,2.8814474158712433116136253374861553311348,2.9288838111941357666978547058533877134323
13.70000,4.5528042411421401070015235745813697576523,4.3765414451514130789178125269245356321335,2.9527417496245988992598086042562499642372,2.9527417496245988992598086042562499642372,3.0238621870443558314889287430560216307640
13.80000,4.6217979071612464991858360008336603641510,4.5234776482527276897371848463080823421478,3.0158659172856934205242396274115890264511,3.0158659172856934205242396274115890264511,3.1135437208425869037853317422559484839439
13.90000,4.6642015310932922744768802658654749393463,4.6494906213705267106206520111300051212311,3.0578387654006915497006957593839615583420,3.0578387654006915497006957593839615583420,3.1980146216624349975177210581023246049881
14.00000,4.6742226715944710235817183274775743484497,4.7400496956897697486965626012533903121948,3.0689503572618384019676796015119180083275,3.0689503572618384019676796015119180083275,3.2763716527605639683429217257071286439896
14.10000,4.6491523535378744824697605508845299482346,4.7871166349315306121070534572936594486237,3.0443746489044061220852199767250567674637,3.0443746489044061220852199767250567674637,3.3475196906605932944955839047906920313835
14.20000,4.5903001810519530323517756187357008457184,4.7895027851401144047827074246015399694443,2.9847259106153232188773927191505208611488,2.9847259106153232188773927191505208611488,3.4103511449614205552904877549735829234123
14.30000,4.5036419562179625941666927246842533349991,4.7513477742743672749270444910507649183273,2.8958353852263329919480838725576177239418,2.8958353852263329919480838725576177239418,3.4633189600396643292867793206823989748955
14.40000,4.3999382959960859906800578755792230367661,4.6800797375117104692776592855807393789291,2.7880871686800952069518189091468229889870,2.7880871686800952069518189091468229889870,3.5038436961476064901432891929289326071739
14.50000,4.2940246663259218351527124468702822923660,4.5851859030980834930346645705867558717728,2.6755305550899732836001021496485918760300,2.6755305550899732836001021496485918760300,3.5281494592440587609871727181598544120789
14.60000,4.2029400881842029491508583305403590202332,4.4785320561150623319690566859208047389984,2.5746696714944174999573078821413218975067,2.5746696714944174999573078821413218975067,3.5321328013104298371160894021159037947655
14.70000,4.1426077354020183207694572047330439090729,4.3760771915074005988799399347044527530670,2.5023197750858177101918045082129538059235,2.5023197750858177101918045082129538059235,3.5140453767377830551765782729489728808403
14.80000,4.1231661405810280385253463464323431253433,4.2988213253185767470654354838188737630844,2.4715976273788160533229074644623324275017,2.4715976273788160533229074644623324275017,3.4787922111419722348557570512639358639717
14.90000,4.1443365279063284489780016883742064237595,4.2617509113238432050252413318958133459091,2.4865551640948453382407024037092924118042,2.4865551640948453382407024037092924118042,3.4329771110404809775218382128514349460602
15.00000,4.1942536479125491766239974822383373975754,4.2595057131579343590033204236533492803574,2.5395855981781871868463440478080883622169,2.5395855981781871868463440478080883622169,3.3745881647141087178454199602128937840462
15.10000,4.2544529533457673409202470793388783931732,4.2780703375762465512366361508611589670181,2.6150418988616297433225099666742607951164,2.6150418988616297433225099666742607951164,3.3024394931987544055118632968515157699585
15.20000,4.3075562272901324334384298708755522966385,4.3041131266943928324053558753803372383118,2.6957554858572057021603995963232591748238,2.6957554858572057021603995963232591748238,3.2201583822701143056121964036719873547554
15.30000,4.3418943447208020458560895349364727735519,4.3262043139939621028133842628449201583862,2.7676103619392034005386449280194938182831,2.7676103619392034005386449280194938182831,3.1328779348363573475921839417424052953720
15.40000,4.3523165961701453241516901471186429262161,4.3338566317575102360137861978728324174881,2.8212137651185540399012552370550110936165,2.8212137651185540399012552370550110936165,3.0437456976905470362737560208188369870186
15.50000,4.3390548700213047439433466934133321046829,4.3166934163864212337102799210697412490845,2.8517508972421796720198017283109948039055,2.8517508972421796720198017283109948039055,2.9522464919233666336140231578610837459564
15.60000,4.3059231217385525170016080664936453104019,4.2650274784773065661624968925025314092636,2.8581161662754226426841341890394687652588,2.8581161662754226426841341890394687652588,2.8547182676650142418850464309798553586006
15.70000,4.2585307758865056371178070548921823501587,4.1722247645308945251940713205840438604355,2.8420588024174984198566562554333359003067,2.8420588024174984198566562554333359003067,2.7466379355824024344201461644843220710754
15.80000,4.2029541778315184785697056213393807411194,4.0382215318730256825574542745016515254974,2.8077169815408780095822294242680072784424,2.8077169815408780095822294242680072784424,2.6257417466227885860519108973676338791847
15.90000,4.1450853421898026240910439810249954462051,3.8727835408577684361830506531987339258194,2.7615068138874292458240233827382326126099,2.7615068138874292458240233827382326126099,2.4948552552727134568044675688724964857101
16.00000,4.0905598153206961242744910123292356729507,3.6967232039563722167940795770846307277679,2.7119624550340959423522235738346353173256,2.7119624550340959423522235738346353173256,2.3633581092088769004533332918072119355202
16.10000,4.0448623821409857015396482893265783786774,3.5392782614159887799587522749789059162140,2.6689512438575637709448074019746854901314,2.6689512438575637709448074019746854901314,2.2462381558418473836979956104187294840813
16.20000,4.0130907913162952027619212458375841379166,3.4304274536602363809834059793502092361450,2.6418732269971449966305954148992896080017,2.6418732269971449966305954148992896080017,2.1597717909822420345733462454518303275108
16.30000,3.9990385995626840376360178197501227259636,3.3894417124517728368005009542685002088547,2.6371271428678211279361676133703440427780,2.6371271428678211279361676133703440427780,2.1142260262788146185641835472779348492622
16.40000,4.0037830901772997194143499655183404684067,3.4159960634043842198082074901321902871132,2.6560724230277492630136748630320653319359,2.6560724230277492630136748630320653319359,2.1076343075261845250167880294611677527428
16.50000,4.0246567857169628368296798726078122854233,3.4911755244083084726014476473210379481316,2.6948924709397097387864050688222050666809,2.6948924709397097387864050688222050666809,2.1260473682458522759475272323470562696457
16.60000,4.0555454198933347242927993647754192352295,3.5872769173599756697967677609995007514954,2.7463803671150879281981360691133886575699,2.7463803671150879281981360691133886575699,2.1500616030231345376932949875481426715851
16.70000,4.0884452733492526732561600510962307453156,3.6783934231050747776237130892695859074593,2.8021877236718553128014264075318351387978,2.8021877236718553128014264075318351387978,2.1624632491106163811878104752395302057266
16.80000,4.1153853645451388132414649589918553829193,3.7463719536246151697866935137426480650902,2.8543016445454783003299326082924380898476,2.8543016445454783003299326082924380898476,2.1531540290787973823682932561496272683144
16.90000,4.1299908364002355654065468115732073783875,3.7820246334829064061011649755528196692467,2.8957374799869537440599742694757878780365,2.8957374799869537440599742694757878780365,2.1205405099092344833877632481744512915611
17.00000,4.1284277852254360752226602926384657621384,3.7839761729018595026730054087238386273384,2.9211324721385416580687888199463486671448,2.9211324721385416580687888199463486671448,2.0701390138502118176688782114069908857346
17.10000,4.1097329455700348788127485022414475679398,3.7575091411045500322529733239207416772842,2.9277373491002025573948230885434895753860,2.9277373491002025573948230885434895753860,2.0117673884741793521868657990125939249992
17.20000,4.0756305980785869635951712552923709154129,3.7143417944784160589222210546722635626793,2.9166558453351729696123584290035068988800,2.9166558453351729696123584290035068988800,1.9566607018866575273818853020202368497849
17.30000,4.0299641197382287671757694624830037355423,3.6724153155411212168246493092738091945648,2.8935884151390180996088474785210564732552,2.8935884151390180996088474785210564732552,1.9152026050013142288719336647773161530495
17.40000,3.9778635467810672388111470354488119482994,3.6537496557562749721626005339203402400017,2.8681549976480118502308869210537523031235,2.8681549976480118502308869210537523031235,1.8953032072413189546011835773242637515068
17.50000,3.9247594183325342775958688434911891818047,3.6791599887566182047748952754773199558258,2.8512907949390520201404797262512147426605,2.8512907949390520201404797262512147426605,1.9013378172110486641344095914973877370358
17.60000,3.8753539559477423459554756846046075224876,3.7610119717503320835305657965363934636116,2.8512375539735725915591046941699460148811,2.8512375539735725915591046941699460148811,1.9338908197509294684124370178324170410633
17.70000,3.8326752170143598696938624925678595900536,3.8977153933701429444624864117940887808800,2.8698664465356751307467675360385328531265,2.8698664465356751307467675360385328531265,1.9906577173131527747074187573161907494068
17.80000,3.7973589935544986850857185345375910401344,4.0735890720609750914604774152394384145737,2.9014060645780928027193112939130514860153,2.9014060645780928027193112939130514860153,2.0681359364592886151967832120135426521301
17.90000,3.7673313540874402427505174273392185568810,4.2642166503157588053340987244155257940292,2.9343465318378791906184233084786683320999,2.9343465318378791906184233084786683320999,2.1628549407274406668477695347974076867104
18.00000,3.7380865480767342390322482970077544450760,4.4438525422390089403279489488340914249420,2.9553174814693727867620509641710668802261,2.9553174814693727867620509641710668802261,2.2713041273769980499253051675623282790184
18.10000,3.7035998296075578473107725585578009486198,4.5911731683058700781430161441676318645477,2.9528960460280972988300618453649803996086,2.9528960460280972988300618453649803996086,2.3889809058572328837044551619328558444977
18.20000,3.6575667423470075156899383728159591555595,4.6918523470395321339765359880402684211731,2.9199558343702438634181817178614437580109,2.9199558343702438634181817178614437580109,2.5095074206460514787409010750707238912582
18.30000,3.5945960681696749183799965976504608988762,4.7385570061557702459253960114438086748123,2.8543207075261771699103974242461845278740,2.8543207075261771699103974242461845278740,2.6245116592730903803953879105392843484879
18.40000,3.5112418905795950152537443500477820634842,4.7298734660046424238544204854406416416168,2.7582947948859133369126084289746358990669,2.7582947948859133369126084289746358990669,2.7245257668124103211937381274765357375145
18.50000,3.4068981409085514755474832782056182622910,4.6695169655685244691767366020940244197845,2.6378791295959724827469017327530309557915,2.6378791295959724827469017327530309557915,2.8006568472851309792304164147935807704926
18.60000,3.2845380804025983145777445315616205334663,4.5663840607108552305248849734198302030563,2.5022490351024684329672709282021969556808,2.5022490351024684329672709282021969556808,2.8464240709085171232572974986396729946136
18.70000,3.1512243568664271009538424550555646419525,4.4350182662072610284553775272797793149948,2.3635781141469860422432702762307599186897,2.3635781141469860422432702762307599186897,2.8590863947797160449226794298738241195679
18.80000,3.0183395960703762739285593852400779724121,4.2954102592836038709833701432216912508011,2.2368311207134161655574189353501424193382,2.2368311207134161655574189353501424193382,2.8400876139271473697078818076988682150841
18.90000,2.9017084898545140170256217970745638012886,4.1711705839671600060114542429801076650620,2.1388678311605762161207167082466185092926,2.1388678311605762161207167082466185092926,2.7951434115005211467064327734988182783127
19.00000,2.8231200331271550929557179188122972846031,4.0855150411850704728067285032011568546295,2.0859616357884926962640292913420125842094,2.0859616357884926962640292913420125842094,2.7367118027352397291451779892668128013611
19.10000,2.8151020208162367275406268163351342082024,4.0534164186188732514892762992531061172485,2.0886853039976891466267261421307921409607,2.0886853039976891466267261421307921409607,2.6911478314397325739548705314518883824348
19.20000,2.8642669327402128232051836675964295864105,4.0718889442444261561604434973560273647308,2.1453978347502098422694416512968018651009,2.1453978347502098422694416512968018651009,2.6453602074842188507375340122962370514870
19.30000,2.9445356658666406168833873380208387970924,4.1241781763852047859586491540540009737015,2.2410298960471339846378668880788609385490,2.2410298960471339846378668880788609385490,2.5866540501575774335663027159171178936958
19.40000,3.0369711909735213062333514244528487324715,4.1912481097661640205842559225857257843018,2.3540795207704854341557165753329172730446,2.3540795207704854341557165753329172730446,2.5200602591987144585061741963727399706841
19.50000,3.1273053476945054107716259750304743647575,4.2560251194657556794709307723678648471832,2.4643692918477460018777946970658376812935,2.4643692918477460018777946970658376812935,2.4545918834647690864869673532666638493538
19.60000,3.2056800413250194914382973365718498826027,4.3046766201539972129808120371308177709579,2.5568219442099802130030639091273769736290,2.5568219442099802130030639091273769736290,2.3967127730590562784129815554479137063026
19.70000,3.2664064082317567638824584719259291887283,4.3277762279597160599564631411340087652206,2.6224103494185042606545721355360001325607,2.6224103494185042606545721355360001325607,2.3493619373544651907081970421131700277328
19.80000,3.3074602646948392248305026441812515258789,4.3215267462050750424396028392948210239410,2.6579683056877470015422204596688970923424,2.6579683056877470015422204596688970923424,2.3130503995244207082748744142008945345879
19.90000,3.3297487639759202338041177426930516958237,4.2886083836042478978356484731193631887436,2.6655977097350440629952572635374963283539,2.6655977097350440629952572635374963283539,2.2871617281100795615600418386748060584068
20.00000,3.3362803074601630193285473069408908486366,4.2379979912902587813050558906979858875275,2.6517978405632169902617079060291871428490,2.6517978405632169902617079060291871428490,2.2706826176239882641993972356431186199188
20.10000,3.3313546894168304390859702834859490394592,4.1832448558045083331080604693852365016937,2.6261591447119050357628111669328063726425,2.6261591447119050357628111669328063726425,2.2622812557975282565791985689429566264153
20.20000,3.3198280928850145699016138678416609764099,4.1391719698339271005238515499513596296310,2.5994594365067094088317389832809567451477,2.5994594365067094088317389832809567451477,2.2600811897055224086727776011684909462929
20.30000,3.3064934364511757713955830695340409874916,4.1176201974639319303150841733440756797791,2.5812746719491506119936730101471766829491,2.5812746719491506119936730101471766829491,2.2615642900168073659017409227089956402779
20.40000,3.2956604360216901206115380773553624749184,4.1236419512240525264701318519655615091324,2.5776721462843688037480660568689927458763,2.5776721462843688037480660568689927458763,2.2639580946770050395855378155829384922981
20.50000,3.2909706224816561714874296740163117647171,4.1540151847274815466448671941179782152176,2.5898928414352342386450800404418259859085,2.5898928414352342386450800404418259859085,2.2652001243386692408421367872506380081177
20.60000,3.2953511758317852731181574199581518769264,4.1990675241135368978007136320229619741440,2.6147211167478165982913651532726362347603,2.6147211167478165982913651532726362347603,2.2649764664496889743361407454358413815498
20.70000,3.3109940012603136239022205700166523456573,4.2467727799498273810741011402569711208344,2.6463926794257290886491773562738671898842,2.6463926794257290886491773562738671898842,2.2649814223586828276779669977258890867233
20.80000,3.3393274388068321378852942871162667870522,4.2869696268149111162415465514641255140305,2.6790391052123019299813222460215911269188,2.6790391052123019299813222460215911269188,2.2682188551971393941641963465372100472450
20.90000,3.3810007720252834850782619469100609421730,4.3135347520589171210758649976924061775208,2.7085541804821184896923114138189703226089,2.7085541804821184896923114138189703226089,2.2774271631199640708587139670271426439285
21.00000,3.4359006008312888980071875266730785369873,4.3205108032058072708991858235094696283340,2.7333505260609634035517956363037228584290,2.7333505260609634035517956363037228584290,2.2897103519151693618027820775751024484634
21.10000,3.5031937911422192932775487861363217234612,4.3043732941838985794902328052558004856110,2.7541300269869339878425762435654178261757,2.7541300269869339878425762435654178261757,2.2993070313522503411718389543239027261734
21.20000,3.5813719166612596467302864766679704189301,4.2655814087076366902806512371171265840530,2.7730858472785020474304928939091041684151,2.7730858472785020474304928939091041684151,2.3007816308118917980607420759042724967003
21.30000,3.6682724287111505567793301452184095978737,4.2086089100305912324984092265367507934570,2.7928935178516307580309785407735034823418,2.7928935178516307580309785407735034823418,2.2910943030384802732157822902081534266472
21.40000,3.7610766135220665695726438571000471711159,4.1421273487859027184754268091637641191483,2.8156778981431500596954720094799995422363,2.8156778981431500596954720094799995422363,2.2718481660216696127463364973664283752441
21.50000,3.8563240716600262203428428620100021362305,4.0780716735782940318699729687068611383438,2.8420854153396342134385577082866802811623,2.8420854153396342134385577082866802811623,2.2502249145590518253357004141435027122498
21.60000,3.9500088981691030554088683857116848230362,4.0284822492715015584963111905381083488464,2.8706690504672893737847516604233533143997,2.8706690504672893737847516604233533143997,2.2371530465060258663356762554030865430832
21.70000,4.0378035936620433332677748694550246000290,4.0005731099810040163333724194671958684921,2.8978344727335754171804182988125830888748,2.8978344727335754171804182988125830888748,2.2427077581758965152403106912970542907715
21.80000,4.1154056500178333166672928200569003820419,3.9930970254654223339230156852863729000092,2.9184516653610894643122719571692869067192,2.9184516653610894643122719571692869067192,2.2715993447610767219657645910046994686127
21.90000,4.1789684394111121790160723321605473756790,3.9972871905355287225347638013772666454315,2.9269704257981126183096876047784462571144,2.9269704257981126183096876047784462571144,2.3223147783504156649314609239809215068817
22.00000,4.2255813548212568520057175192050635814667,4.0016825582053154874984102207235991954803,2.9186862732200427039686019270448014140129,2.9186862732200427039686019270448014140129,2.3898913665864860433885041857138276100159
22.10000,4.2537738810956611246183456387370824813843,3.9971786517917267111954515712568536400795,2.8908087428566839882648764614714309573174,2.8908087428566839882648764614714309573174,2.4693350471740194151948344369884580373764
22.20000,4.2640032880727494202233174291905015707016,3.9797746500501944844074841967085376381874,2.8431559765545588724933168123243376612663,2.8431559765545588724933168123243376612663,2.5574659850138261596441680012503638863564
22.30000,4.2590438573410311917655235447455197572708,3.9507277876383781745062151458114385604858,2.7785100693538020699691060144687071442604,2.7785100693538020699691060144687071442604,2.6527515062718056704227365116821601986885
22.40000,4.2441454939993557005095681233797222375870,3.9151986564813552327279921883018687367439,2.7027731722457324359254471346503123641014,2.7027731722457324359254471346503123641014,2.7537978059892460613866660423809662461281
22.50000,4.2267965223635091120968354516662657260895,3.8808588443958966784919084602734073996544,2.6249641932676022193504650203976780176163,2.6249641932676022193504650203976780176163,2.8577269802242017959770237212069332599640
22.60000,4.2159395045902492427103425143286585807800,3.8574043225416216884582354396115988492966,2.5567748258009990180994464026298373937607,2.5567748258009990180994464026298373937607,2.9597941755298724508804752986179664731026
22.70000,4.2205748097781601302358467364683747291565,3.8569594377681921670841802551876753568649,2.5110006992667228686855196428950875997543,2.5110006992667228686855196428950875997543,3.0555328490129065599489877058658748865128
22.80000,4.2476853165194441430685401428490877151489,3.8947486559526369731543127272743731737137,2.4981926132191012435157517757033929228783,2.4981926132191012435157517757033929228783,3.1460487460338786291913493187166750431061
22.90000,4.2987265516488237793168991629499942064285,3.9880729487687234247061951464274898171425,2.5222573268253207778855085052782669663429,2.5222573268253207778855085052782669663429,3.2422848467669056482520772988209500908852
23.00000,4.3662382739551262034183309879153966903687,4.1428109430084747444311688013840466737747,2.5779430205276674392678160074865445494652,2.5779430205276674392678160074865445494652,3.3531631759082665134030776243889704346657
23.10000,4.4377082806055740960005095985252410173416,4.3378887053316095290256271255202591419220,2.6525484577331059909965915721841156482697,2.6525484577331059909965915721841156482697,3.4705000704709711989437437296146526932716
23.20000,4.5013453016572437803688444546423852443695,4.5413255182700789092109516786877065896988,2.7304191666104231650535894004860892891884,2.7304191666104231650535894004860892891884,3.5818324867064768035618271824205294251442
23.30000,4.5478893175193295661529191420413553714752,4.7244399915358386010666436050087213516235,2.7971923250114332226701208128361031413078,2.7971923250114332226701208128361031413078,3.6779446590323012777901112713152542710304
23.40000,4.5709750836808122897991779609583318233490,4.8661005579240343976721305807586759328842,2.8422865962299015407666047394741326570511,2.8422865962299015407666047394741326570511,3.7525024491450449382057286129565909504890
23.50000,4.5672362394223657844349872902967035770416,4.9538222690566175998583275941200554370880,2.8596668111391032596202421700581908226013,2.8596668111391032596202421700581908226013,3.8017248862007777532312502444256097078323
23.60000,4.5362812326634420756477084069047123193741,4.9834543084373992272162467997986823320389,2.8475116969055673799005035107256844639778,2.8475116969055673799005035107256844639778,3.8247121472897069871521580353146418929100
23.70000,4.4805743369533885811506479512900114059448,4.9583977421819049880014063091948628425598,2.8075416372738275505582805635640397667885,2.8075416372738275505582805635640397667885,3.8238888045876389121247029834194108843803
23.80000,4.4052206895623626792257709894329309463501,4.8889563138289586774476447317283600568771,2.7446096104892925282570104172918945550919,2.7446096104892925282570104172918945550919,3.8049577824127349678917653363896533846855
23.90000,4.3175905464801136446340024122036993503571,4.7917331286161148895530459412839263677597,2.6667282318916245564821565494639798998833,2.6667282318916245564821565494639798998833,3.7758672113129798653119451046222820878029
24.00000,4.2266671322462991966517620312515646219254,4.6882387998700609799129779275972396135330,2.5851230354883236728369411139283329248428,2.5851230354883236728369411139283329248428,3.7446598611397123868016478809295222163200
24.10000,4.1420106997060095466167695121839642524719,4.6016086026951592558020820433739572763443,2.5134292682133172469605142396176233887672,2.5134292682133172469605142396176233887672,3.7167607659745334203194033761974424123764
24.20000,4.0723269277146085798335661820601671934128,4.5509069195228537552111447439529001712799,2.4651557475923984164012381370412185788155,2.4651557475923984164012381370412185788155,3.6929223520526655022422346519306302070618
24.30000,4.0238142642253835745691503689158707857132,4.5441406698239275030459793924819678068161,2.4495232174374206302047696226509287953377,2.4495232174374206302047696226509287953377,3.6689084991744698172055905160959810018539
24.40000,3.9987312816014393135333193640690296888351,4.5739563850350037910175160504877567291260,2.4676996283933543274713429127587005496025,2.4676996283933543274713429127587005496025,3.6372884098497340055189397389767691493034
24.50000,3.9949094666254474361721804598346352577209,4.6203838699254689004192186985164880752563,2.5122346288620405196923002222320064902306,2.5122346288620405196923002222320064902306,3.5908240788268352972067987138871103525162
24.60000,4.0067786470488737649020549724809825420380,4.6589595889717729804146983951795846223831,2.5701513733935077432590787793742492794991,2.5701513733935077432590787793742492794991,3.5254354892336321469770155090373009443283
24.70000,4.0273221884623247035506210522726178169250,4.6690175970549043782398257462773472070694,2.6273542527879794050704731489531695842743,2.6273542527879794050704731489531695842743,3.4416312799412711598279202007688581943512
24.80000,4.0495925006362449849461881967727094888687,4.6390280189039252434213267406448721885681,2.6720120120263848306763065920677036046982,2.6720120120263848306763065920677036046982,3.3445964954874005670149017532821744680405
24.90000,4.0673022067597583983911135874222964048386,4.5678579875167795165680217905901372432709,2.6961361217891610664310064748860895633698,2.6961361217891610664310064748860895633698,3.2428879506982157820971224282402545213699
25.00000,4.0750167642753432062363572185859084129333,4.4621847885979537551293105934746563434601,2.6956991396079592604451136139687150716782,2.6956991396079592604451136139687150716782,3.1458032736573784404754405841231346130371
25.10000,4.0685791327811875461861745861824601888657,4.3315680518994286174461194605100899934769,2.6700668352177050479667741456069052219391,2.6700668352177050479667741456069052219391,3.0600135142452065117879556055413559079170
25.20000,4.0460361798756538931343129661399871110916,4.1836216307706601824634162767324596643448,2.6215102363760820480820257216691970825195,2.6215102363760820480820257216691970825195,2.9866373378941504235228876495966687798500
25.30000,4.0089349743568769568469178921077400445938,4.0217651445902751206062930577900260686874,2.5552467024540304052493411290924996137619,2.5552467024540304052493411290924996137619,2.9202067140390912669545286917127668857574
25.40000,3.9635720731864516608311532763764262199402,3.8466415211087592318506267474731430411339,2.4799579174348180821141340857138857245445,2.4799579174348180821141340857138857245445,2.8502977594255747284535118524217978119850
25.50000,3.9215257223737349789871586835943162441254,3.6600048641079090394612194359069690108299,2.4082072750125997906422981031937524676323,2.4082072750125997906422981031937524676323,2.7651160364564439930745720630511641502380
25.60000,3.8981615292651525805922574363648891448975,3.4684581860758250115850387373939156532288,2.3556751025903359675339743262156844139099,2.3556751025903359675339743262156844139099,2.6552695101603061011985573713900521397591
25.70000,3.9074126182420814146212251216638833284378,3.2848713835555605200511308794375509023666,2.3377735736915159492355087422765791416168,2.3377735736915159492355087422765791416168,2.5167368544146104802905483666108921170235
25.80000,3.9550456620264373697182236355729401111603,3.1267558293894683885127960820682346820831,2.3634901770328928805042778549250215291977,2.3634901770328928805042778549250215291977,2.3548211373501204413116738578537479043007
25.90000,4.0363980786840016889982507564127445220947,3.0105440226710888929062548413639888167381,2.4306811953809757120836820831755176186562,2.4306811953809757120836820831755176186562,2.1855797105931391577371414314256981015205
26.00000,4.1391673655954104305010332609526813030243,2.9411512211896173596414882922545075416565,2.5276240143679049587888130190549418330193,2.5276240143679049587888130190549418330193,2.0250705580492183166541053651599213480949
26.10000,4.2479297259952364385071632568724453449249,2.9135387421975136312823906337143853306770,2.6383967659066285271762808406492695212364,2.6383967659066285271762808406492695212364,1.8846749363794925713477823592256754636765
26.20000,4.3480984607130839236788233392871916294098,2.9204667702246012161992894107243046164513,2.7472557260364633968663383711827918887138,2.7472557260364633968663383711827918887138,1.7740537788647583461454360076459124684334
26.30000,4.4284835773081709930920624174177646636963,2.9500438166424003405552412004908546805382,2.8409127368236521959943274850957095623016,2.8409127368236521959943274850957095623016,1.6967019203032662755248338726232759654522
26.40000,4.4824214512750160110954311676323413848877,2.9854849910746517060999849491054192185402,2.9095639863632607458043821679893881082535,2.9095639863632607458043821679893881082535,1.6487784696231462255866517807589843869209
26.50000,4.5077501330351443797894717135932296514511,3.0113194259913660388860989769455045461655,2.9474282011469776776380058436188846826553,2.9474282011469776776380058436188846826553,1.6242131567325552854441639283322729170322
26.60000,4.5059958278887890514852188061922788619995,3.0184043880519411118257266934961080551147,2.9531243539190694669116510340245440602303,2.9531243539190694669116510340245440602303,1.6181515081025918956214582067332230508327
26.70000,4.4811550746161890046437292767222970724106,3.0060737835315163302141172607662156224251,2.9298676261513865171082215965725481510162,2.9298676261513865171082215965725481510162,1.6274936058449323006414033443434163928032
26.80000,4.4384258208517088917233195388689637184143,2.9822749524668648035685691866092383861542,2.8852173391723106021800049347802996635437,2.8852173391723106021800049347802996635437,1.6502660949739531570656936310115270316601
26.90000,4.3831499259447808114487088460009545087814,2.9610052240409272528154360770713537931442,2.8300158401605504110420952201820909976959,2.8300158401605504110420952201820909976959,1.6841234696646076862691643327707424759865
27.00000,4.3200929898517816951653003343380987644196,2.9574379100671097653219021594850346446037,2.7762867249906033606521305046044290065765,2.7762867249906033606521305046044290065765,1.7249574499376854053167562597081996500492
27.10000,4.2530499870016944541362136078532785177231,2.9841590162892632775992751703597605228424,2.7343251327921480609006721351761370897293,2.7343251327921480609006721351761370897293,1.7685587377066622760679592829546891152859
27.20000,4.1846814777600505053101187513675540685654,3.0508148358041431436049606418237090110779,2.7100066592531404374710746196797117590904,2.7100066592531404374710746196797117590904,1.8154829950579121078391153787379153072834
27.30000,4.1164821542477367799506282608490437269211,3.1606815588451024900962238461943343281746,2.7038486491127269317757964017800986766815,2.7038486491127269317757964017800986766815,1.8694664148673858505844691535457968711853
27.40000,4.0488399306547542266798700438812375068665,3.3067962464187590221342816221294924616814,2.7125121860473782042788570834090933203697,2.7125121860473782042788570834090933203697,1.9306118049787561741226227240986190736294
27.50000,3.9812056029990898764481244143098592758179,3.4799534431515950494429034733911976218224,2.7315694606488136741972994059324264526367,2.7315694606488136741972994059324264526367,1.9980201248530577995410340008675120770931
27.60000,3.9124124728427509545269913360243663191795,3.6719448052900607315507386374520137906075,2.7575278383972876561358589242445304989815,2.7575278383972876561358589242445304989815,2.0693016013382359297168022749247029423714
27.70000,3.8411514767087089339270278287585824728012,3.8726693475213695982972694764612242579460,2.7880559534283957390243813279084861278534,2.7880559534283957390243813279084861278534,2.1377089173732870541755346494028344750404
27.80000,3.7665463522259745587916768272407352924347,4.0680309286397928758560738060623407363892,2.8208125191012212162888772581936791539192,2.8208125191012212162888772581936791539192,2.1929522426633250020699961169157177209854
27.90000,3.6887218462593782675185138941742479801178,4.2410333043237997685537266079336404800415,2.8520867159134040136336807336192578077316,2.8520867159134040136336807336192578077316,2.2255817187563700088048790348693728446960
28.00000,3.6092338433005242137596724205650389194489,4.3754136302082944354197024949826300144196,2.8763771837405194276016118237748742103577,2.8763771837405194276016118237748742103577,2.2318931060277793498869414179353043437004
28.10000,3.5312148581205562436480249743908643722534,4.4597624215554594329091742110904306173325,2.8873150928832105321930612262804061174393,2.8873150928832105321930612262804061174393,2.2163470939095950562602865829830989241600
28.20000,3.4590175216484544407080647943075746297836,4.4902713708951793591950263362377882003784,2.8795047087584291212181142327608540654182,2.8795047087584291212181142327608540654182,2.1902794750267755574668626650236546993256
28.30000,3.3970290198059389652485151600558310747147,4.4711603510562927255023168982006609439850,2.8504149453614102682763586926739662885666,2.8504149453614102682763586926739662885666,2.1673594801394107101089048228459432721138
28.40000,3.3478993830287064881190417509060353040695,4.4128665178170605187801811553072184324265,2.8015309713414509040774191817035898566246,2.8015309713414509040774191817035898566246,2.1577039581628651987443845428060740232468
28.50000,3.3118920511212230906039621913805603981018,4.3289951829875494837551741511560976505280,2.7383567584911610026665584882721304893494,2.7383567584911610026665584882721304893494,2.1641737171264505690260193659923970699310
28.60000,3.2878796839804658169725826155627146363258,4.2335072473735602116562404262367635965347,2.6692996346234796334329075762070715427399,2.6692996346234796334329075762070715427399,2.1827876621070667617630078893853351473808
28.70000,3.2743051423522686604883347172290086746216,4.1392430592149898060938539856579154729843,2.6038202890523667321076572989113628864288,2.6038202890523667321076572989113628864288,2.2059076234625245582776642550015822052956
28.80000,3.2695313547733051429133865894982591271400,4.0576919886213786980988516006618738174438,2.5504101868058768332048202864825725555420,2.5504101868058768332048202864825725555420,2.2264029697829301746025976171949878334999
28.90000,3.2719166123535186052606604789616540074348,3.9987745592054282361971218051621690392494,2.5149154327982126133633755671326071023941,2.5149154327982126133633755671326071023941,2.2408603059625216147310311498586088418961
29.00000,3.2797850221540167936495890899095684289932,3.9694192105586818541951288352720439434052,2.4995242111551192465412896126508712768555,2.4995242111551192465412896126508712768555,2.2501558104024601547621386998798698186874
29.10000,3.2913467106605032164168278541183099150658,3.9710747027435115974469681532355025410652,2.5025405521329320279733110510278493165970,2.5025405521329320279733110510278493165970,2.2573403091381503138279640552354976534843
29.20000,3.3046688772077130735738137445878237485886,3.9978164859176943402019333007046952843666,2.5189574434679320447116879222448915243149,2.5189574434679320447116879222448915243149,2.2645704761895428802631613507401198148727
29.30000,3.3178518423312444163286727416561916470528,4.0368414489602661987532883358653634786606,2.5417172798771994202127189055318012833595,2.5417172798771994202127189055318012833595,2.2712587315371117746565232664579525589943
29.40000,3.3295181145278935908038420166121795773506,4.0717452124425204118551846477203071117401,2.5633640156134016585554036282701417803764,2.5633640156134016585554036282701417803764,2.2745352957436106855482194077922031283379
29.50000,3.3395560730372206847960114828310906887054,4.0873105377214127287288647494278848171234,2.5776945002411881802117932238616049289703,2.5776945002411881802117932238616049289703,2.2714776102762574971904996345983818173409
29.60000,3.3498606314812500173161424754653126001358,4.0737639992209295769498567096889019012451,2.5811024070421626497306988312629982829094,2.5811024070421626497306988312629982829094,2.2614198166178542948046015226282179355621
29.70000,3.3647002224854141161358711542561650276184,4.0288897256450173500752498512156307697296,2.5734692429421968107305929152062162756920,2.5734692429421968107305929152062162756920,2.2466514622460382888391450251219794154167
29.80000,3.3903646120462984647758730716304853558540,3.9576218025465328409495668893214315176010,2.5585376104185515444555676367599517107010,2.5585376104185515444555676367599517107010,2.2309111937557277727250948373693972826004
29.90000,3.4339264626490364484823203383712098002434,3.8700426229238953368394504650495946407318,2.5436491254697153330255332548404112458229,2.5436491254697153330255332548404112458229,2.2166708346335015633599141438025981187820
30.00000,3.5013005543032029720507125603035092353821,3.7792540924179003347660454892320558428764,2.5386060862044610431098590197507292032242,2.5386060862044610431098590197507292032242,2.2033424743121807765078301599714905023575
30.10000,3.5952143373933886927318326343083754181862,3.6997917385820975333388105354970321059227,2.5534327583451892351718015561345964670181,2.5534327583451892351718015561345964670181,2.1881405592851077557270400575362145900726
30.20000,3.7139071029036356819119646388571709394455,3.6457876499203210052257873030612245202065,2.5953099721318890757970621052663773298264,2.5953099721318890757970621052663773298264,2.1690748085601785355436277313856407999992
30.30000,3.8510866780589703139980883861426264047623,3.6274993558235366641895325301447883248329,2.6658599921307644109447210212238132953644,2.6658599921307644109447210212238132953644,2.1468660496209781562981788738397881388664
30.40000,3.9970563742525349049117266986286267638206,3.6463284609746677844555051706265658140182,2.7601939723749522315188187349122017621994,2.7601939723749522315188187349122017621994,2.1229968904772982263295943994307890534401
30.50000,4.1404568284845773007418756606057286262512,3.6954320669700262413925884175114333629608,2.8680395272271650419781963137211278080940,2.8680395272271650419781963137211278080940,2.0998098410002730140888616006122902035713
30.60000,4.2700070420739537624399417836684733629227,3.7634568045873053598882052028784528374672,2.9760893463479787257597308780532330274582,2.9760893463479787257597308780532330274582,2.0812851539653016708086852304404601454735
30.70000,4.3758519132127569051249338372144848108292,3.8368281881452075410265933896880596876144,3.0705749020152643957715099531924352049828,3.0705749020152643957715099531924352049828,2.0715302973274352105192974704550579190254
30.80000,4.4503964295884008706138956767972558736801,3.9028646952047543194908030272927135229111,3.1394982761259924153307565575232729315758,3.1394982761259924153307565575232729315758,2.0742645725411699153539757389808073639870
30.90000,4.4887033276569532347366475732997059822083,3.9523970722535790578433534392388537526131,3.1742896396773274680924714630236849188805,3.1742896396773274680924714630236849188805,2.0925211205558773563950580864911898970604
31.00000,4.4886273066552915267379830766003578901291,3.9807864987482850516187227185582742094994,3.1708137214783302937348707928322255611420,3.1708137214783302937348707928322255611420,2.1277863624469159908869642094941809773445
31.10000,4.4508651804757466408091204357333481311798,3.9877195665123248424777102627558633685112,3.1297353025096139589322774554602801799774,3.1297353025096139589322774554602801799774,2.1791141419688440095114856376312673091888
31.20000,4.3790350458567530722575611434876918792725,3.9767886113614832055418446543626487255096,3.0563183447202333375969374174019321799278,3.0563183447202333375969374174019321799278,2.2431869677777700466947408131090924143791
31.30000,4.2797857315123248866939320578239858150482,3.9553023163621694457958710700040683150291,2.9597644284863307007071853149682283401489,2.9597644284863307007071853149682283401489,2.3155591909018329310754324978915974497795
31.40000,4.1628191302275947549560441984795033931732,3.9339744171079020773618140083272010087967,2.8521714716578152604142815107479691505432,2.8521714716578152604142815107479691505432,2.3924506040198671996677148854359984397888
31.50000,4.0406234958247209121395826514344662427902,3.9260346377601602618767628882778808474541,2.7471111448185108194763870415044948458672,2.7471111448185108194763870415044948458672,2.4724358439478590909743616066407412290573
31.60000,3.9276975872574748649412867962382733821869,3.9453944479543761048034866689704358577728,2.6577322561305294357225648127496242523193,2.6577322561305294357225648127496242523193,2.5576275229507920982996438397094607353210
31.70000,3.8391272807884959661350876558572053909302,4.0027001237346873097067145863547921180725,2.5943519260727363473506557056680321693420,2.5943519260727363473506557056680321693420,2.6531235523777114693189105310011655092239
31.80000,3.7887231639226315316193449689308181405067,4.0997781259276120380263819242827594280243,2.5619474052303732314328499342082068324089,2.5619474052303732314328499342082068324089,2.7646064793894975508692368748597800731659
31.90000,3.7892366510001096457926905713975429534912,4.2273765173913107062730887264478951692581,2.5587279647247176406210655841277912259102,2.5587279647247176406210655841277912259102,2.8991572389419855149128579796524718403816
32.00000,3.8360853390358067294130250957095995545387,4.3689541283296264850832812953740358352661,2.5769987196803016971102806564886122941971,2.5769987196803016971102806564886122941971,3.0510420280048298202757450781064108014107
32.10000,3.8999788563406916352960251970216631889343,4.5073303348406206225718051427975296974182,2.6060361034553887193965238111559301614761,2.6060361034553887193965238111559301614761,3.1952369842705352631639925675699487328529
32.20000,3.9634154795386504765986046550096943974495,4.6298301943899273780402836564462631940842,2.6352778368923615026631068758433684706688,2.6352778368923615026631068758433684706688,3.3226900001438552934018844098318368196487
32.30000,4.0158211806813612909650146320927888154984,4.7299665954385883281929636723361909389496,2.6564593203958604128445131209446117281914,2.6564593203958604128445131209446117281914,3.4328691353282287934689520625397562980652
32.40000,4.0516965202691448411087549175135791301727,4.8059207680767723758208376239053905010223,2.6644625906888297350860739243216812610626,2.6644625906888297350860739243216812610626,3.5286921069682581908466545428382232785225
32.50000,4.0695732941344600064326186839025467634201,4.8575331305755220512310188496485352516174,2.6572867584625665671183014637790620326996,2.6572867584625665671183014637790620326996,3.6125329077848489234270346059929579496384
32.60000,4.0709811914580757985504533280618488788605,4.8846816077207488859812656301073729991913,2.6356386894921031149863210885087028145790,2.6356386894921031149863210885087028145790,3.6843854201946188986482866312144324183464
32.70000,4.0595317938103221422352362424135208129883,4.8879331754345143323803313251119107007980,2.6024993630176469494585944630671292543411,2.6024993630176469494585944630671292543411,3.7424662432095430197875884914537891745567
32.80000,4.0402841311767536680576995422597974538803,4.8696038863150894471232277282979339361191,2.5627973418965730445506778778508305549622,2.5627973418965730445506778778508305549622,3.7842933336986970260795715148560702800751
32.90000,4.0193913141727017901416729728225618600845,4.8346340812486232607625424861907958984375,2.5230830452897667903755518636899068951607,2.5230830452897667903755518636899068951607,3.8078593048417914701531117316335439682007
33.00000,4.0037841413436057180774696462322026491165,4.7909000652073538972786082013044506311417,2.4909286845362523798996789992088451981544,2.4909286845362523798996789992088451981544,3.8128268374784548555567198491189628839493
33.10000,4.0005095177450789023509969410952180624008,4.7481458423774496324654137424658983945847,2.4737834271522127771447685518069192767143,2.4737834271522127771447685518069192767143,3.8010885058181029805268735799472779035568
33.20000,4.0155384248903338573200016980990767478943,4.7152748127773156383568675664719194173813,2.4772871700033571862320513901067897677422,2.4772871700033571862320513901067897677422,3.7762388976609346791235566342948004603386
33.30000,4.0523738559206243792232271516695618629456,4.6971123245753521047163303592242300510406,2.5035539141521496731002116575837135314941,2.5035539141521496731002116575837135314941,3.7423783521916771377391341957263648509979
33.40000,4.1111147773704797003802013932727277278900,4.6926356450245849671887299336958676576614,2.5502951693351110229457390232710167765617,2.5502951693351110229457390232710167765617,3.7031600837248426216774532804265618324280
33.50000,4.1883813378492700252309077768586575984955,4.6956692174039051934641975094564259052277,2.6113312742292809076616322272457182407379,2.6113312742292809076616322272457182407379,3.6613880067946129592826309817610308527946
33.60000,4.2780151713926635181906021898612380027771,4.6971087854682025408692425116896629333496,2.6781745252858106809412674920167773962021,2.6781745252858106809412674920167773962021,3.6187749062892451412665195675799623131752
33.70000,4.3721859799252422718041088955942541360855,4.6871069723541722851223312318325042724609,2.7418221966258751187694997497601434588432,2.7418221966258751187694997497601434588432,3.5756485590276643193874406279064714908600
33.80000,4.4625301780807546947471564635634422302246,4.6566879598224257819083504728041589260101,2.7940820318103112285257338953670114278793,2.7940820318103112285257338953670114278793,3.5310540742825571314256194455083459615707
33.90000,4.5411042433024073616820714960340410470963,4.5992033803857879092902294360101222991943,2.8282760487042182262484857346862554550171,2.8282760487042182262484857346862554550171,3.4837555262797583743861196126090362668037
34.00000,4.6011246863232484471950556326191872358322,4.5116741638717225981736191897653043270111,2.8395610012495149376832159759942442178726,2.8395610012495149376832159759942442178726,3.4336768476959407259130330203333869576454
34.10000,4.6375891905385167035547056002542376518250,4.3954768363571137257395093911327421665192,2.8252076705824724633941968932049348950386,2.8252076705824724633941968932049348950386,3.3826506857306859465950310550397261977196
34.20000,4.6478883609807271071190371003467589616776,4.2559191114496126573385481606237590312958,2.7850485540199918510495535883819684386253,2.7850485540199918510495535883819684386253,3.3337103643903565064476879342691972851753
34.30000,4.6324424664788006467119885201100260019302,4.1006297019573567652628298674244433641434,2.7220654808237583210939192213118076324463,2.7220654808237583210939192213118076324463,3.2889412067886412138761897949734702706337
34.40000,4.5952858852133937617168157885316759347916,3.9373434823324022779900133173214271664619,2.6428795920739056590775817312533035874367,2.6428795920739056590775817312533035874367,3.2468701833979842774624557932838797569275
34.50000,4.5444227901377143297168004210107028484344,3.7726519546341519273369158327113837003708,2.5577972582141108581765820417786017060280,2.5577972582141108581765820417786017060280,3.2014802283436445407005521701648831367493
34.60000,4.4916520111352475908006454119458794593811,3.6135372788679234190567512996494770050049,2.4800292193541659813149635738227516412735,2.4800292193541659813149635738227516412735,3.1451308512948390472274695639498531818390
34.70000,4.4510635809898717596411188424099236726761,3.4719410690447771727917825046461075544357,2.4236711085637927531877267028903588652611,2.4236711085637927531877267028903588652611,3.0756624329070625378790282411500811576843
34.80000,4.4345218667532497747174602409359067678452,3.3661426352440599885085248388350009918213,2.4001968285393791013859754457371309399605,2.4001968285393791013859754457371309399605,3.0002708449185515604540341882966458797455
34.90000,4.4456322676656103709547096514143049716949,3.3009290009943392796287753299111500382423,2.4143286870987403780475233361357823014259,2.4143286870987403780475233361357823014259,2.9179038944624688944884383090538904070854
35.00000,4.4791226806773636326397536322474479675293,3.2679560256514790239634749013930559158325,2.4620411762613620965112204430624842643738,2.4620411762613620965112204430624842643738,2.8229963538061184635807876475155353546143
35.10000,4.5248785564905764644549890363123267889023,3.2618285555716708401519099425058811903000,2.5327146516465344205926157883368432521820,2.5327146516465344205926157883368432521820,2.7212778087691780193324575520819053053856
35.20000,4.5716533483574757212863914901390671730042,3.2799031039400818876572429871885105967522,2.6135600372444298677976348699303343892097,2.6135600372444298677976348699303343892097,2.6244363778086978733483647374669089913368
35.30000,4.6095824586979006198816932737827301025391,3.3194197099642019921361679735127836465836,2.6932385332790027554494827199960127472878,2.6932385332790027554494827199960127472878,2.5425251021040966570296859572408720850945
35.40000,4.6316757355160520504000487562734633684158,3.3750529187795419439055422117235139012337,2.7636397090126223474726430140435695648193,2.7636397090126223474726430140435695648193,2.4794492362703488552710950898472219705582
35.50000,4.6343512887309241676803139853291213512421,3.4386590491310951023251618607901036739349,2.8201729875642747025210610445355996489525,2.8201729875642747025210610445355996489525,2.4326643627334698649633537570480257272720
35.60000,4.6171522617289877388202512520365417003632,3.5037826248758707770036835427163168787956,2.8611084287697594596977523906389251351357,2.8611084287697594596977523906389251351357,2.3987180290653400405176398635376244783401
35.70000,4.5818973683178958467010488675441592931747,3.5690578261717131880459419335238635540009,2.8864307901667189959482584526995196938515,2.8864307901667189959482584526995196938515,2.3780936141561714869396837457315996289253
35.80000,4.5315843945322464847436094714794307947159,3.6356190920880400163639478705590590834618,2.8966659032242851878891087835654616355896,2.8966659032242851878891087835654616355896,2.3738716801717165694185496249701827764511
35.90000,4.4693765186158707081176544306799769401550,3.7025603254590904178655819123378023505211,2.8921151424187132583654147310880944132805,2.8921151424187132583654147310880944132805,2.3877065592375346092524068808415904641151
36.00000,4.3979371780559795013232360361143946647644,3.7651069354693880164575148228323087096214,2.8727815222006145567945623042760416865349,2.8727815222006145567945623042760416865349,2.4174810691241384041916262503946200013161
36.10000,4.3192398881250753106542106252163648605347,3.8169156129373931207737769000232219696045,2.8389781690728739249607315286993980407715,2.8389781690728739249607315286993980407715,2.4581991629167201374173146177781745791435
36.20000,4.2348035067974185707839751557912677526474,3.8544317275559212276903053862042725086212,2.7922762805743968073102223570458590984344,2.7922762805743968073102223570458590984344,2.5046826732045461838538358279038220643997
36.30000,4.1461601873437787801890408445615321397781,3.8800134145060538592986176809063181281090,2.7362333695297800240098240465158596634865,2.7362333695297800240098240465158596634865,2.5537068627902725914680104324361309409142
36.40000,4.0553083243699878934762637072708457708359,3.9018412323712685640941799647407606244087,2.6763765371370906720471793960314244031906,2.6763765371370906720471793960314244031906,2.6043964824670742252976651798235252499580
36.50000,3.9649403030338872255811111244838684797287,3.9308243629931558515977485512848943471909,2.6192362221529825738741692475741729140282,2.6192362221529825738741692475741729140282,2.6572922217210779294305211806204169988632
36.60000,3.8783291798513923609448283968959003686905,3.9761829321049102503593530855141580104828,2.5707300989073842423238147603115066885948,2.5707300989073842423238147603115066885948,2.7130519141415345707457618118496611714363
36.70000,3.7988754907028057239415375079261139035225,4.0403623758214353145490349561441689729691,2.5346266859167618790138476470019668340683,2.5346266859167618790138476470019668340683,2.7699844946907177245520870201289653778076
36.80000,3.7294361813626593082915405830135568976402,4.1148246135019093117080046795308589935303,2.5118462236505081364157376810908317565918,2.5118462236505081364157376810908317565918,2.8205683475635527912572797504253685474396
36.90000,3.6716573779638177477124827419174835085869,4.1847688627282755291503235639538615942001,2.5008609538753319156967336311936378479004,2.5008609538753319156967336311936378479004,2.8547043329414294454693390434840694069862
37.00000,3.6255693306191472125021846295567229390144,4.2376011249299772032372857211157679557800,2.4987759836001628421797704504569992423058,2.4987759836001628421797704504569992423058,2.8656184883487978432015097496332600712776
37.10000,3.5896367096273564811781398020684719085693,4.2670603229955199608980365155730396509171,2.5023759840003814147735283768270164728165,2.5023759840003814147735283768270164728165,2.8519450646221131684399097139248624444008
37.20000,3.5612930174635755165013506484683603048325,4.2737267141606301024125968979205936193466,2.5087182641716236908280279749305918812752,2.5087182641716236908280279749305918812752,2.8175832032809577931686817464651539921761
37.30000,3.5377897021553992296105661807814612984657,4.2631641666043842420208420662675052881241,2.5153627114179366586199648736510425806046,2.5153627114179366586199648736510425806046,2.7702284459239101543914784997468814253807
37.40000,3.5170582164483938925059192115440964698792,4.2432026775048949929214359144680202007294,2.5205340351824889744136726221768185496330,2.5205340351824889744136726221768185496330,2.7191928235883109366000098816584795713425
37.50000,3.4982773915126506025785602105315774679184,4.2219668493784894280906883068382740020752,2.5233089373083568140998522721929475665092,2.5233089373083568140998522721929475665092,2.6736263662744259583803341229213401675224
37.60000,3.4819387820572167413502029376104474067688,4.2070010996199238562098798865918070077896,2.5236613291857845631227519334061071276665,2.5236613291857845631227519334061071276665,2.6416172233055714713145789573900401592255
37.70000,3.4693678524831668141814589034765958786011,4.2044906788419034171511157182976603507996,2.5222110062764655502576260914793238043785,2.5222110062764655502576260914793238043785,2.6294365187721391308173224388156086206436
37.80000,3.4618866955640630322932338458485901355743,4.2181104157014379651968738471623510122299,2.5197783643118532026505818066652864217758,2.5197783643118532026505818066652864217758,2.6404403826417945921889440796803683042526
37.90000,3.4600261799248186456168241420527920126915,4.2483995225865278655419388087466359138489,2.5170858209259976412397463718662038445473,2.5170858209259976412397463718662038445473,2.6742540606593512286792702070670202374458
38.00000,3.4632221062235526432004917296580970287323,4.2936457368414311375204306386876851320267,2.5149242782720184763434190244879573583603,2.5149242782720184763434190244879573583603,2.7270192865209468280340843193698674440384
38.10000,3.4701751628947357097842996154213324189186,4.3519920634321840324787444842513650655746,2.5147698815321581911064185987925156950951,2.5147698815321581911064185987925156950951,2.7926274632626033600502069020876660943031
38.20000,3.4796984543545859125401875644456595182419,4.4231464212341897734859230695292353630066,2.5193795303572112942447347450070083141327,2.5193795303572112942447347450070083141327,2.8640858148743530975366411439608782529831
38.30000,3.4916665930636274772780325292842462658882,4.5078951621610201527801109477877616882324,2.5326489497939506101431561546633020043373,2.5326489497939506101431561546633020043373,2.9342638556367468538610410178080201148987
38.40000,3.5076451434549453800570972816785797476768,4.6049646261578551786897151032462716102600,2.5583133295625559711083951697219163179398,2.5583133295625559711083951697219163179398,2.9959831104876886165300220454810187220573
38.50000,3.5306738672449498039895843248814344406128,4.7072434556996149979113397421315312385559,2.5979751350801172371518532600020989775658,2.5979751350801172371518532600020989775658,3.0419670527843294394187978468835353851318
38.60000,3.5635898437846176278753773658536374568939,4.8008083974809681038209419057238847017288,2.6498086842963570752829127741279080510139,2.6498086842963570752829127741279080510139,3.0647808726728715811304937233217060565948
38.70000,3.6069417566381818396337166632292792201042,4.8681398747306614538388203072827309370041,2.7089909926551882790590752847492694854736,2.7089909926551882790590752847492694854736,3.0570996460584662912651765509508550167084
38.80000,3.6589612201217063258695816330146044492722,4.8935597092509270922278119542170315980911,2.7695009213177690376994632970308884978294,2.7695009213177690376994632970308884978294,3.0135190867370953426984669931698590517044
38.90000,3.7168037740968129511998085945378988981247,4.8678550571942560409866018744651228189468,2.8259654156030049598768982832552865147591,2.8259654156030049598768982832552865147591,2.9327280000850590724326139024924486875534
39.00000,3.7774701136988682037554099224507808685303,4.7901109177152951801303970569279044866562,2.8745315586768773741255245113279670476913,2.8745315586768773741255245113279670476913,2.8185179140604081915455481066601350903511
39.10000,3.8383587346418512886714324849890545010567,4.6663819718582963957942411070689558982849,2.9126689315484504128050957660889253020287,2.9126689315484504128050957660889253020287,2.6794028434032468588554820598801597952843
39.20000,3.8976023588593275981395436247112229466438,4.5062825111271065381401967897545546293259,2.9385514399128616069845065794652327895164,2.9385514399128616069845065794652327895164,2.5267819901607113663999371055979281663895
39.30000,3.9541956590386853065410832641646265983582,4.3195154300664819757571422087494283914566,2.9508593864810319651326153689296916127205,2.9508593864810319651326153689296916127205,2.3719923161431033520329947350546717643738
39.40000,4.0079000160740099190093133074697107076645,4.1143256326648529608291937620379030704498,2.9494372400109929444056433567311614751816,2.9494372400109929444056433567311614751816,2.2233511687168769910272203560452908277512
39.50000,4.0589430119292408960518514504656195640564,3.8987001593168133517508522345451638102531,2.9364925870993814349674266850342974066734,2.9364925870993814349674266850342974066734,2.0846579970472918219570601650048047304153
39.60000,4.1075739522639400647108232078608125448227,3.6835146807135150659462397015886381268501,2.9173891814214458761966852762270718812943,2.9173891814214458761966852762270718812943,1.9563102701345629341744825069326907396317
39.70000,4.1535786083028263249161682324483990669250,3.4857613330392540618163366161752492189407,2.9000003274941867914549220586195588111877,2.9000003274941867914549220586195588111877,1.8393392863537074699564755064784549176693
39.80000,4.1958850364515924979968986008316278457642,3.3297632793294398290129265660652890801430,2.8922655799101262275030421733390539884567,2.8922655799101262275030421733390539884567,1.7411171559607798720037408202188089489937
39.90000,4.2323959993280855229613734991289675235748,3.2432668186446100833109085215255618095398,2.8988648056765997651496036269236356019974,2.8988648056765997651496036269236356019974,1.6779332066194956318838649167446419596672
