0.00000,2.0000179259115222762943631096277385950089,4.0000537777345668288830893288832157850266,2.0000358518230441084995163691928610205650,2.0000358518230441084995163691928610205650,2.0000000000000000000000000000000000000000
0.10000,2.0000060213424659671943572902819141745567,4.0000180640273974574938620207831263542175,2.0000120426849314902995047305012121796608,2.0000120426849314902995047305012121796608,2.0000000000000000000000000000000000000000
0.20000,2.0002536860342559066339163109660148620605,4.0007610581027668317233292327728122472763,2.0005073720685113691786227718694135546684,2.0005073720685113691786227718694135546684,2.0000000000000000000000000000000000000000
0.30000,2.0023968344936342589335254160687327384949,4.0071905034809036649789959483314305543900,2.0047936689872689619562606822000816464424,2.0047936689872689619562606822000816464424,2.0000000000000000000000000000000000000000
0.40000,2.0104878178644791653084666904760524630547,4.0314634535934370518361902213655412197113,2.0209756357289578865277235308894887566566,2.0209756357289578865277235308894887566566,2.0000000000000000000000000000000000000000
0.50000,2.0307933437092904327414544241037219762802,4.0923800311278712982243632723111659288406,2.0615866874185808654829088482074439525604,2.0615866874185808654829088482074439525604,2.0000000000000000000000000000000000000000
0.60000,2.0701555600886427654927501862403005361557,4.2104666802659291846566702588461339473724,2.1403111201772859750747102225432172417641,2.1403111201772859750747102225432172417641,2.0000000000000000000000000000000000000000
0.70000,2.1337755178490520613365788449300453066826,4.4013265535471566280989463848527520895004,2.2675510356981045667623675399227067828178,2.2675510356981045667623675399227067828178,2.0000000000000000000000000000000000000000
0.80000,2.2234761945411367634051202912814915180206,4.6704285836234094020369411737192422151566,2.4469523890822730827210307325003668665886,2.4469523890822730827210307325003668665886,2.0000000000000000000000000000000000000000
0.90000,2.3370925218503613152165598876308649778366,5.0112775655510848338280993630178272724152,2.6741850437007230745223296253243461251259,2.6741850437007230745223296253243461251259,2.0000000000000000000000000000000000000000
1.00000,2.4690295886102737732414880156284198164940,5.4070887658308208756352541968226432800293,2.9380591772205475464829760312568396329880,2.9380591772205475464829760312568396329880,2.0000000000000000000000000000000000000000
1.10000,2.6116017347008231297422753414139151573181,5.8348052041024693892268260242417454719543,3.2232034694016467035737605328904464840889,3.2232034694016467035737605328904464840889,2.0000000000000000000000000000000000000000
1.20000,2.7566341281598818468978606688324362039566,6.2699023844796455406935820064973086118698,3.5132682563197636937957213376648724079132,3.5132682563197636937957213376648724079132,2.0000000000000000000000000000000000000000
1.30000,2.8968968340394973814966306235874071717262,6.6906905021184925885791017208248376846313,3.7937936680789952070824710972374305129051,3.7937936680789952070824710972374305129051,2.0000000000000000000000000000000000000000
1.40000,3.0271178279866108873363828024594113230705,7.0813534839598331060983582574408501386642,4.0542356559732217746727656049188226461411,4.0542356559732217746727656049188226461411,2.0000000000000000000000000000000000000000
1.50000,3.1444881229300167824192158150253817439079,7.4334643687900507913468572951387614011765,4.2889762458600335648384316300507634878159,4.2889762458600335648384316300507634878159,2.0000000000000000000000000000000000000000
1.60000,3.2486848249803079724529197847004979848862,7.7460544749409239173587593541014939546585,4.4973696499606159449058395694009959697723,4.4973696499606159449058395694009959697723,2.0000000000000000000000000000000000000000
1.70000,3.3414953725601610479145620047347620129585,8.0244861176804835878328958642669022083282,4.6829907451203220958291240094695240259171,4.6829907451203220958291240094695240259171,2.0000000000000000000000000000000000000000
1.80000,3.4261519120406118688038077380042523145676,8.2784557361218364945898429141379892826080,4.8523038240812237376076154760085046291351,4.8523038240812237376076154760085046291351,2.0000000000000000000000000000000000000000
1.90000,3.5065041918106572005342513875802978873253,8.5195125754319711575135443126782774925232,5.0130083836213144010685027751605957746506,5.0130083836213144010685027751605957746506,2.0000000000000000000000000000000000000000
2.00000,3.5861801091972407284913515468360856175423,8.7585403275917226295632644905708730220795,5.1723602183944814569827030936721712350845,5.1723602183944814569827030936721712350845,2.0000000000000000000000000000000000000000
2.10000,3.6678906114123406290161710785469040274620,9.0036718342370214429593033855780959129333,5.3357812228246812580323421570938080549240,5.3357812228246812580323421570938080549240,2.0000000000000000000000000000000000000000
2.20000,3.7530093153985726317500848381314426660538,9.2590279461957187834286742145195603370667,5.5060186307971452635001696762628853321075,5.5060186307971452635001696762628853321075,2.0000000000000000000000000000000000000000
2.30000,3.8414921087859235093731058441335335373878,9.5244763263577691958516879822127521038055,5.6829842175718470187462116882670670747757,5.6829842175718470187462116882670670747757,2.0000000000000000000000000000000000000000
2.40000,3.9321170148175985659122488868888467550278,9.7963510444527965859151663607917726039886,5.8642340296351971318244977737776935100555,5.8642340296351971318244977737776935100555,2.0000000000000000000000000000000000000000
2.50000,4.0229504727879694669923082983586937189102,10.0688514183639092891553445952013134956360,6.0459009455759398221630362968426197767258,6.0459009455759398221630362968426197767258,2.0000000000000000000000000000000000000000
2.60000,4.1119064283529676018247300817165523767471,10.3357192850589019172957705450244247913361,6.2238128567059343154710404633078724145889,6.2238128567059343154710404633078724145889,2.0000000000000000000000000000000000000000
2.70000,4.1972649032909323807416512863710522651672,10.5917947098727989185817932593636214733124,6.3945298065818656496617222728673368692398,6.3945298065818656496617222728673368692398,2.0000000000000000000000000000000000000000
2.80000,4.2780471266753874459709550137631595134735,10.8341413800261623379128650412894785404205,6.5560942533507748919419100275263190269470,6.5560942533507748919419100275263190269470,2.0000000000000000000000000000000000000000
2.90000,4.3541890265239153734455612720921635627747,11.0625670795717461203366838162764906883240,6.7083780530478307468911225441843271255493,6.7083780530478307468911225441843271255493,2.0000000000000000000000000000000000000000
3.00000,4.4265009953091105643352420884184539318085,11.2795029859273316930057262652553617954254,6.8530019906182220168489038769621402025223,6.8530019906182220168489038769621402025223,2.0000000000000000000000000000000000000000
3.10000,4.4964426825748509131130958849098533391953,11.4893280477245500748040285543538630008698,6.9928853651497009380477720696944743394852,6.9928853651497009380477720696944743394852,2.0000000000000000000000000000000000000000
3.20000,4.5657743778417891888921076315455138683319,11.6973231335253551321784470928832888603210,7.1315487556835721605352773622144013643265,7.1315487556835721605352773622144013643265,2.0000000000000000000000000000000000000000
3.30000,4.6361682264281540710726403631269931793213,11.9085046792844071461558996816165745258331,7.2723364528562806086142700223717838525772,7.2723364528562806086142700223717838525772,2.0000000000000000000000000000000000000000
3.40000,4.7088680711295713976483057194855064153671,12.1266042133884983655889300280250608921051,7.4177361422590344375294080236926674842834,7.4177361422590344375294080236926674842834,2.0000000000000000000000000000000000000000
3.50000,4.7844721767593929584450052061583846807480,12.3534165302773502048694354016333818435669,7.5689443535183720257464301539584994316101,7.5689443535183720257464301539584994316101,2.0000000000000000000000000000000000000000
3.60000,4.8628801737653528647342682234011590480804,12.5886405212930050367958756396546959877014,7.7257603475291789507650719315279275178909,7.7257603475291789507650719315279275178909,2.0000000000000000000000000000000000000000
3.70000,4.9434031930369970453398309473413974046707,12.8302095791000905222745132050476968288422,7.8868063860685442278963819262571632862091,7.8868063860685442278963819262571632862091,2.0000000000000000000000000000000000000000
3.80000,5.0249971481898603187232765776570886373520,13.0749914445319035394277307204902172088623,8.0499942963608823731647134991362690925598,8.0499942963608823731647134991362690925598,2.0000000000000000000000000000000000000000
3.90000,5.1065542229261025042319488420616835355759,13.3196626686522865412598548573441803455353,8.2131084457891940786566919996403157711029,8.2131084457891940786566919996403157711029,2.0000000000000000000000000000000000000000
4.00000,5.1871814095347064110796964087057858705521,13.5615442281967109039442220819182693958282,8.3743628188657091016011690953746438026428,8.3743628188657091016011690953746438026428,2.0000000000000000000000000000000000000000
4.10000,5.2664055231202615559027435665484517812729,13.7992165680897400648063921835273504257202,8.5328110456050012544437777251005172729492,8.5328110456050012544437777251005172729492,2.0000000000000000000000000000000000000000
4.20000,5.3442658668851947822986403480172157287598,14.0327975968355076474836096167564392089844,8.6885317318603512148911249823868274688721,8.6885317318603512148911249823868274688721,2.0000000000000000000000000000000000000000
4.30000,5.4212825268420665736357477726414799690247,14.2638475694835644702607169165275990962982,8.8425650481628146337698126444593071937561,8.8425650481628146337698126444593071937561,2.0000000000000004440892098500626161694527
4.40000,5.4983151357443178497419467021245509386063,14.4949453765654165948717491119168698787689,8.9966302561548658900392183568328619003296,8.9966302561548658900392183568328619003296,2.0000000000000035527136788005009293556213
4.50000,5.5763497393461021189864368352573364973068,14.7290491362469584402106193010695278644562,9.1526994377965209537251212168484926223755,9.1526994377965209537251212168484926223755,2.0000000000000186517468137026298791170120
4.60000,5.6562660757734279926012277428526431322098,14.9687980177649055946176304132677614688873,9.3125320467691157233502963208593428134918,9.3125320467691157233502963208593428134918,2.0000000000001008082506359642138704657555
4.70000,5.7386404877347079178662170306779444217682,15.2159209469304510520260009798221290111542,9.4772807173323236895612353691831231117249,9.4772807173323236895612353691831231117249,2.0000000000005102585021177219459787011147
4.80000,5.8236292831526661473162675974890589714050,15.4708866246255620779948003473691642284393,9.6472579538878928673284463002346456050873,9.6472579538878928673284463002346456050873,2.0000000000024424906541753443889319896698
4.90000,5.9109559079639941714390261040534824132919,15.7328649210633155774985425523482263088226,9.8219104145081281842522002989426255226135,9.8219104145081281842522002989426255226135,2.0000000000110529363439582084538415074348
5.00000,5.9999988050705415076890858472324907779694,15.9999902193396454919138705008663237094879,9.9999945121814928228332064463756978511810,9.9999945121814928228332064463756978511810,2.0000000000472004657581237552221864461899
5.10000,6.0899528649434335747514523973222821950912,16.2698453484016418713054008549079298973083,10.1798991065776078812632476910948753356934,10.1798991065776078812632476910948753356934,2.0000000001898605717087775701656937599182
5.20000,6.1800220606998781391894226544536650180817,16.5400387756036977293661038856953382492065,10.3600304177928599358438077615574002265930,10.3600304177928599358438077615574002265930,2.0000000007178568850463307171594351530075
5.30000,6.2695969690543211783051447127945721149445,16.8087360324158225921564735472202301025391,10.5391664994620271045278059318661689758301,10.5391664994620271045278059318661689758301,2.0000000025460922259412654966581612825394
5.40000,6.3583777224951978368494565074797719717026,17.0750268919743142248535150429233908653259,10.7167023030059489485665835672989487648010,10.7167023030059489485665835672989487648010,2.0000000084576128323021748656174167990685
5.50000,6.4464176334701770443302848434541374444962,17.3390539868987012539491843199357390403748,10.8927357970391316399627612554468214511871,10.8927357970391316399627612554468214511871,2.0000000262906172387999959028093144297600
5.60000,6.5340815995058765253133969963528215885162,17.6018853417825837937016331125050783157349,11.0679834323981580723739170935004949569702,11.0679834323981580723739170935004949569702,2.0000000764921432860887762217316776514053
5.70000,6.6219326847110124845130485482513904571533,17.8651714338613167853964114328846335411072,11.2435519550054099369162941002286970615387,11.2435519550054099369162941002286970615387,2.0000002085615080638092422304907813668251
5.80000,6.7105762525383259031741545186378061771393,18.1306756674035405296763201477006077766418,11.4206256929646414732815173920243978500366,11.4206256929646414732815173920243978500366,2.0000005340125852626442792825400829315186
5.90000,6.8005001977178736183304863516241312026978,18.3997949685888890769547288073226809501648,11.6001469395577050391921147820539772510529,11.6001469395577050391921147820539772510529,2.0000012871913539491686151450267061591148
6.00000,6.8919497338080697446116573701146990060806,18.6731870940962458860212791478261351585388,11.7825669501064034250248369062319397926331,11.7825669501064034250248369062319397926331,2.0000029276915070042264233052264899015427
6.10000,6.9848655692830785568503415561281144618988,18.9505922840728473488525196444243192672729,11.9677257796565861269755259854719042778015,11.9677257796565861269755259854719042778015,2.0000062940427523194841796794207766652107
6.20000,7.0788976629319932953876559622585773468018,19.2308865004522537844877660972997546195984,12.1548856827628970478372139041312038898468,12.1548856827628970478372139041312038898468,2.0000127978584529842009942512959241867065
6.30000,7.1734877495826614435259216406848281621933,19.5123454725534699605304922442883253097534,12.3429043115853396272996178595349192619324,12.3429043115853396272996178595349192619324,2.0000245989654534817248077160911634564400
6.40000,7.2679976239804586768400440632831305265427,19.7930482609872910870763007551431655883789,12.5305006291190359490883565740659832954407,12.5305006291190359490883565740659832954407,2.0000446267296760893827922700438648462296
6.50000,7.3618506491677431213815907540265470743179,20.0713173461755935989003774011507630348206,12.7165458699665432362735373317264020442963,12.7165458699665432362735373317264020442963,2.0000762554102515800025230419123545289040
6.60000,7.4546527490556933059906441485509276390076,20.3460844240353466716442198958247900009155,12.9003073333740374550870910752564668655396,12.9003073333740374550870910752564668655396,2.0001225063429650674606818938627839088440
6.70000,7.5462656841836199816953012486919760704041,20.6170870976346556346925353864207863807678,13.0815839248075000966764491749927401542664,13.0815839248075000966764491749927401542664,2.0001849322032754230349382851272821426392
6.80000,7.6368176079549430212978222698438912630081,20.8848387227586620440433762269094586372375,13.2606967954303254231263053952716290950775,13.2606967954303254231263053952716290950775,2.0002627398529528868209581560222432017326
6.90000,7.7266508797894744020595680922269821166992,21.1503668774332886926003993721678853034973,13.4383324546106006636136953602544963359833,13.4383324546106006636136953602544963359833,2.0003528480015626556109964440111070871353
7.00000,7.8162216756231668313148475135676562786102,21.4147763036724505525398853933438658714294,13.6152734219473945387335334089584648609161,13.6152734219473945387335334089584648609161,2.0004511354008278622984562389319762587547
7.10000,7.9059769224617246763386901875492185354233,21.6787455291397286316623649327084422111511,13.7920840391496621890610185801051557064056,13.7920840391496621890610185801051557064056,2.0005543733021280417005982599221169948578
7.20000,7.9962388860511923738272344053257256746292,21.9420962486503050570263440022245049476624,13.9688365961551426153164356946945190429688,13.9688365961551426153164356946945190429688,2.0006619423912144206667562684742733836174
7.30000,8.0871250590541041702863367390818893909454,22.2035686305669273110652284231036901473999,14.1449584111090107541031102300621569156647,14.1449584111090107541031102300621569156647,2.0007768674030086408777151518734171986580
7.40000,8.1785214685875757822941523045301437377930,22.4608920581534157179248722968623042106628,14.3192533348423491901257875724695622920990,14.3192533348423491901257875724695622920990,2.0009068570562922317890297563280910253525
7.50000,8.2701137404754749837820781976915895938873,22.7111688371861966118103737244382500648499,14.4901080241855098051928507629781961441040,14.4901080241855098051928507629781961441040,2.0010665292906519852067503961734473705292
7.60000,8.3614659925936631879039850900880992412567,22.9515042836300402484539517899975180625916,14.6558452795014098057890805648639798164368,14.6558452795014098057890805648639798164368,2.0012797172208842688689856004202738404274
7.70000,8.4521265727534018452615782734937965869904,23.1797395025254182598928309744223952293396,14.8151441905962819589603896019980311393738,14.8151441905962819589603896019980311393738,2.0015776940862566313228398939827457070351
7.80000,8.5417343079233329916633010725490748882294,23.3950914909379505957076617050915956497192,14.9674177297796848762345689465291798114777,14.9674177297796848762345689465291798114777,2.0019903393019129467234051844570785760880
7.90000,8.6301000855695892965968596399761736392975,23.5984922455477956759750668425112962722778,15.1130299965324255140330933500081300735474,15.1130299965324255140330933500081300735474,2.0025323380525335004165299324085935950279
8.00000,8.7172454604816209666751092299818992614746,23.7924558369531951029784977436065673828125,15.2532549201642932956701770308427512645721,15.2532549201642932956701770308427512645721,2.0031914571062285901348332117777317762375
8.10000,8.8033906892350994866092150914482772350311,23.9804028162515869837534410180523991584778,15.3899327882694940683450113283470273017883,15.3899327882694940683450113283470273017883,2.0039279289476996659402630029944702982903
8.20000,8.8888966609385402506404716405086219310760,24.1655367849532289881153701571747660636902,15.5248716755240465658971515949815511703491,15.5248716755240465658971515949815511703491,2.0046900948436761069615386077202856540680
8.30000,8.9741759476704299203220216440968215465546,24.3495630268528806539052311563864350318909,15.6591487026924234271518798777833580970764,15.6591487026924234271518798777833580970764,2.0054415691384623876558634947286918759346
8.40000,9.0595951915911161478334179264493286609650,24.5316769001873780098321731202304363250732,15.7925427511994662665983923943713307380676,15.7925427511994662665983923943713307380676,2.0061865893795620685580161079997196793556
8.50000,9.1453925762175067859516275348141789436340,24.7082293102310295296319964108988642692566,15.9233202685133683473850396694615483283997,15.9233202685133683473850396694615483283997,2.0069813494217996208135446067899465560913
8.60000,9.2316297885624365449075412470847368240356,24.8732671369955156137621088419109582901001,16.0484842834975154346466297283768653869629,16.0484842834975154346466297283768653869629,2.0079283585629226216440201824298128485680
8.70000,9.3181888212361450030130072264000773429871,25.0198356043344283250462467549368739128113,16.1644327759743973160766472574323415756226,16.1644327759743973160766472574323415756226,2.0091588736217826927088481170358136296272
8.80000,9.4048126447662827587237188708968460559845,25.1416660724307909902108804089948534965515,16.2678341124731353772858710726723074913025,16.2678341124731353772858710726723074913025,2.0108104922508038825412768346723169088364
8.90000,9.4911781958296650429929286474362015724182,25.2347589893643267089373694034293293952942,16.3564657638773098824458429589867591857910,16.3564657638773098824458429589867591857910,2.0130056574393688784141431824536994099617
9.00000,9.5769828825210776557241842965595424175262,25.2984181687968643359454290475696325302124,16.4297830515157237130097200861200690269470,16.4297830515157237130097200861200690269470,2.0158349482864923452041239215759560465813
9.10000,9.6620234273329206331482055247761309146881,25.3354528515375641006812656996771693229675,16.4890646058180934119263838510960340499878,16.4890646058180934119263838510960340499878,2.0193470672342952454414444218855351209641
9.20000,9.7462485608953066673620924120768904685974,25.3514852628079587759657442802563309669495,16.5370941486512919027518364600837230682373,16.5370941486512919027518364600837230682373,2.0235455264006834141810031724162399768829
9.30000,9.8297739080301482772483723238110542297363,25.3535410960990752471388987032696604728699,16.5774621011351008803558215731754899024963,16.5774621011351008803558215731754899024963,2.0283908018590262045677263813558965921402
9.40000,9.9128566538955151798973020049743354320526,25.3483135518990856382970378035679459571838,16.6136819873969443506211973726749420166016,16.6136819873969443506211973726749420166016,2.0338062310007143373979943135054782032967
9.50000,9.9958371234534872940002969698980450630188,25.3406182271404958328275824896991252899170,16.6483852861892422936307411873713135719299,16.6483852861892422936307411873713135719299,2.0396847782155012041016561852302402257919
9.60000,10.0790620969679505236626937403343617916107,25.3325335317612143626320175826549530029297,16.6828521358423635945200658170506358146667,16.6828521358423635945200658170506358146667,2.0458913570444372531653698388254269957542
9.70000,10.1628087256488583989266771823167800903320,25.3235171399239042955287004588171839714050,16.7170346657133066514688835013657808303833,16.7170346657133066514688835013657808303833,2.0522565341461485033391909382771700620651
9.80000,10.2472273161027143117962623364292085170746,25.3114309872830318681735661812126636505127,16.7500453438544703033130645053461194038391,16.7500453438544703033130645053461194038391,2.0585676156768064615221192070748656988144
9.90000,10.3323161790274244964393801637925207614899,25.2940117193588918098612339235842227935791,16.7808770892658785101048124488443136215210,16.7808770892658785101048124488443136215210,2.0645737198545570656449399393750354647636
10.00000,10.4179335359776601421799568925052881240845,25.2701077594314149621368414955213665962219,16.8090114030609640849434072151780128479004,16.8090114030609640849434072151780128479004,2.0700184892871473785191938077332451939583
10.10000,10.5038423230856778900488279759883880615234,25.2401514425451303225145238684490323066711,16.8346478220298543249100475804880261421204,16.8346478220298543249100475804880261421204,2.0746981215710995627432566834613680839539
10.20000,10.5897759639539827958287787623703479766846,25.2057720655443553425811842316761612892151,16.8585141580051640630699694156646728515625,16.8585141580051640630699694156646728515625,2.0785197134880095681808143126545473933220
10.30000,10.6755086362207016748016030760481953620911,25.1689014749534827330990083282813429832458,16.8814441811771622781179758021607995033264,16.8814441811771622781179758021607995033264,2.0815217488198638484675484505714848637581
10.40000,10.7609131152221522143008769489824771881104,25.1309342831011122143536340445280075073242,16.9040059596198162239488738123327493667603,16.9040059596198162239488738123327493667603,2.0838354790836279839538747182814404368401
10.50000,10.8459928011282880078169910120777785778046,25.0923979298562933593075285898521542549133,16.9263919265400737401705555384978652000427,16.9263919265400737401705555384978652000427,2.0856068779044325545157789747463539242744
10.60000,10.9308810274657357552996472804807126522064,25.0532443819087831116121378727257251739502,16.9485978883428209940120723331347107887268,16.9485978883428209940120723331347107887268,2.0869296326888813197797389875631779432297
10.70000,11.0158086527100476104124027187936007976532,25.0134943024259435162548470543697476387024,16.9707369973003494578733807429671287536621,16.9707369973003494578733807429671287536621,2.0878289605352882141175996366655454039574
10.80000,11.1010484462946319439424769370816648006439,24.9737675086371382349170744419097900390625,16.9932620726272780586896260501816868782043,16.9932620726272780586896260501816868782043,2.0882918096772149496587189787533134222031
10.90000,11.1868501669392319541884717182256281375885,24.9353271788205610448585503036156296730042,17.0169343111195878748276300029829144477844,17.0169343111195878748276300029829144477844,2.0883087235206145848565029154997318983078
11.00000,11.2733822081993171337899184436537325382233,24.8995718932450316174254112411290407180786,17.0425220725460988546728913206607103347778,17.0425220725460988546728913206607103347778,2.0879099563521501536911273433361202478409
11.10000,11.3606937622592951697697571944445371627808,24.8672432717879772212654643226414918899536,17.0703680469281167120243480894714593887329,17.0703680469281167120243480894714593887329,2.0872009401910394110757351882057264447212
11.20000,11.4487061308624689104362914804369211196899,24.8378078313384520470208371989428997039795,17.1000674615067822514902218244969844818115,17.1000674615067822514902218244969844818115,2.0863790391873537899414259300101548433304
11.30000,11.5372344945834868212841683998703956604004,24.8094178801812219603561970870941877365112,17.1304793551974370302559691481292247772217,17.1304793551974370302559691481292247772217,2.0856936643698360533960567408939823508263
11.40000,11.6260340405071929126279428601264953613281,24.7795519647875295277117402292788028717041,17.1601162174059744813803263241425156593323,17.1601162174059744813803263241425156593323,2.0853535704827765862034993915585801005363
11.50000,11.7148586855253693528311487170867621898651,24.7460273864835329504785477183759212493896,17.1877225706289422646477760281413793563843,17.1877225706289422646477760281413793563843,2.0854409307510151094788852788042277097702
11.60000,11.8035180042346325990365585312247276306152,24.7078327164356288392355054384097456932068,17.2127304767100959281833638669922947883606,17.2127304767100959281833638669922947883606,2.0858897672500718023513854859629645943642
11.70000,11.8919188420921653204231915879063308238983,24.6653341769080221013155096443369984626770,17.2353594496030915195206034695729613304138,17.2353594496030915195206034695729613304138,2.0865341197940074913219632435357198119164
11.80000,11.9800821020066283750793445506133139133453,24.6197953959221038644500367809087038040161,17.2563467234351683998738735681399703025818,17.2563467234351683998738735681399703025818,2.0871840510583941075140046450542286038399
11.90000,12.0681313108289334223854893934912979602814,24.5725494990785016113932215375825762748718,17.2764989341940093936500488780438899993896,17.2764989341940093936500488780438899993896,2.0876829415194171346570328751113265752792
12.00000,12.1562563621105486078022295259870588779449,24.5243272198232347136581665836274623870850,17.2963253158916252516519307391718029975891,17.2963253158916252516519307391718029975891,2.0879329501505310417996952310204505920410
12.10000,12.2446617202894429965454037301242351531982,24.4750967198364755006423365557566285133362,17.3159302503462697586655849590897560119629,17.3159302503462697586655849590897560119629,2.0878979394333820884810393181396648287773
12.20000,12.3335119676325479787237782147713005542755,24.4244276283939285576707334257662296295166,17.3351788281715464279386651469394564628601,17.3351788281715464279386651469394564628601,2.0875819396833827923387616465333849191666
12.30000,12.4228879997283119251960670226253569126129,24.3720736558766120083419082220643758773804,17.3539881733366634364301717141643166542053,17.3539881733366634364301717141643166542053,2.0869853089316006133913106168620288372040
12.40000,12.5127643248954534271888405783101916313171,24.3183566670744752968857937958091497421265,17.3725217559843727599400153849273920059204,17.3725217559843727599400153849273920059204,2.0860774800011836482838134543271735310555
12.50000,12.6030125435288553603641048539429903030396,24.2640845703164309554722422035411000251770,17.3911341551145390837973536690697073936462,17.3911341551145390837973536690697073936462,2.0848288036162117009553185198456048965454
12.60000,12.6934295807522197208072611829265952110291,24.2100553687910000633110030321404337882996,17.4101010363788475387991638854146003723145,17.4101010363788475387991638854146003723145,2.0832828767855215978954674937995150685310
12.70000,12.7837832798535533385120288585312664508820,24.1564920116267209948546224040910601615906,17.4293392781987819262212724424898624420166,17.4293392781987819262212724424898624420166,2.0815967350827122572809457778930664062500
12.80000,12.8738639816149778027920547174289822578430,24.1028165624863746074879600200802087783813,17.4483409013023305078604607842862606048584,17.4483409013023305078604607842862606048584,2.0799987414966949472727719694375991821289
12.90000,12.9635295894289939155896718148142099380493,24.0479465290179774683565483428537845611572,17.4663942940929253211379545973613858222961,17.4663942940929253211379545973613858222961,2.0786875302611194094026814127573743462563
13.00000,13.0527334962885319669112504925578832626343,23.9909298021204264728112320881336927413940,17.4829592030264961977081838995218276977539,17.4829592030264961977081838995218276977539,2.0777448923559651561276950815226882696152
13.10000,13.1415290824844870343213187879882752895355,23.9314947523578709365210670512169599533081,17.4979519597923278695361659629270434379578,17.4979519597923278695361659629270434379578,2.0771199152577031199484736134763807058334
13.20000,13.2300502173389293858463133801706135272980,23.8701561987239898599000298418104648590088,17.5117611468334253288503532530739903450012,17.5117611468334253288503532530739903450012,2.0766841223960712525808958162087947130203
13.30000,13.3184729654530187303862476255744695663452,23.8078283348853290135593852028250694274902,17.5249933914102449250549398129805922508240,17.5249933914102449250549398129805922508240,2.0763145175178605583710123028140515089035
13.40000,13.4069681489256460338310716906562447547913,23.7452170429665194717472331831231713294983,17.5381105514821733493135980097576975822449,17.5381105514821733493135980097576975822449,2.0759640889278170305942694540135562419891
13.50000,13.4956564813274901837303332285955548286438,23.6823811713272860401957586873322725296021,17.5511713891057610226198448799550533294678,17.5511713891057610226198448799550533294678,2.0756948744432528464187726058298721909523
13.60000,13.5845771601957547858319230726920068264008,23.6187136097635921316850726725533604621887,17.5638222497880853723017935408279299736023,17.5638222497880853723017935408279299736023,2.0756462703831797256270874640904366970062
13.70000,13.6736773038512939848487803828902542591095,23.5533073911084152030070981709286570549011,17.5755263303295912180601590080186724662781,17.5755263303295912180601590080186724662781,2.0759320343005289721816097880946472287178
13.80000,13.7628243611927647549464381881989538669586,23.4854246522202103619747504126280546188354,17.5858638429877558451153163332492113113403,17.5858638429877558451153163332492113113403,2.0765213274374660912258150347042828798294
13.90000,13.8518379696511999554786598309874534606934,23.4147381766225635146838612854480743408203,17.5946950059219808792931871721521019935608,17.5946950059219808792931871721521019935608,2.0771861344298012674869369220687076449394
14.00000,13.9405331042092797133591375313699245452881,23.3412027885591761844352731714025139808655,17.6020982469112823309842497110366821289062,17.6020982469112823309842497110366821289062,2.0775393989458854626661832298850640654564
14.10000,14.0287638432137562460866320179775357246399,23.2647044668362106278891587862744927406311,17.6081785924869969051087537081912159919739,17.6081785924869969051087537081912159919739,2.0771111250759721755798636877443641424179
14.20000,14.1164571937500067377868617768399417400360,23.1848098280342291843680868623778223991394,17.6129344440020858542084170039743185043335,17.6129344440020858542084170039743185043335,2.0753981337800637696489047812065109610558
14.30000,14.2036290440016284009061564574949443340302,23.1008612870916039128132979385554790496826,17.6163072861018186188175604911521077156067,17.6163072861018186188175604911521077156067,2.0718757588895964083519629639340564608574
14.40000,14.2903787531640098507068614708259701728821,23.0123931064458240314252179814502596855164,17.6183794034176663956259289989247918128967,17.6183794034176663956259289989247918128967,2.0660130527745024231478510046144947409630
14.50000,14.3768640783777712499613699037581682205200,22.9195914410573813313476421171799302101135,17.6195597589240975366919883526861667633057,17.6195597589240975366919883526861667633057,2.0573360015869566197466156154405325651169
14.60000,14.4632628464294832326686446322128176689148,22.8234764264411289502731960965320467948914,17.6205989649670051733210129896178841590881,17.6205989649670051733210129896178841590881,2.0455413429366053890134935500100255012512
14.70000,14.5497308851679925112421187805011868476868,22.7256664589634986839428165694698691368103,17.6223857302973208049934328300878405570984,17.6223857302973208049934328300878405570984,2.0306258835368478088412302895449101924896
14.80000,14.6363664835973903421972863725386559963226,22.6278524749255787185120425419881939888000,17.6256155901236724048430914990603923797607,17.6256155901236724048430914990603923797607,2.0129877782756202542202572658425197005272
14.90000,14.7231898731107744282553539960645139217377,22.5312751511153734895742672961205244064331,17.6305102671693845195477479137480258941650,17.6305102671693845195477479137480258941650,1.9934444898873793228233353147516027092934
15.00000,14.8101423835995973377066547982394695281982,22.4364571800648597843519382877275347709656,17.6367498826663222644128836691379547119141,17.6367498826663222644128836691379547119141,1.9730997983318165900357143982546404004097
15.10000,14.8971050254013395175434197881259024143219,22.3432669563464472162195306736975908279419,17.6436515749261957353155594319105148315430,17.6436515749261957353155594319105148315430,1.9530688318953977056224857733468525111675
15.20000,14.9839315304206017742671974701806902885437,22.2512169048908887702964420896023511886597,17.6504666449288620810875727329403162002563,17.6504666449288620810875727329403162002563,1.9342151454537663823884940939024090766907
15.30000,15.0704875080149314214850164717063307762146,22.1597962056394024443761736620217561721802,17.6566036171113900365980953210964798927307,17.6566036171113900365980953210964798927307,1.9170764794315553469772339667542837560177
15.40000,15.1566861016030554054623280535452067852020,22.0686450359872949888995208311825990676880,17.6616705544623044943364220671355724334717,17.6616705544623044943364220671355724334717,1.9019900286657420718228195255505852401257
15.50000,15.2425115950562855005046003498136997222900,21.9775367359872468853154714452102780342102,17.6653855258155765284300287021324038505554,17.6653855258155765284300287021324038505554,1.8892772794123791069154094657278619706631
15.60000,15.3280254877081709707908885320648550987244,21.8863482844178811603796930285170674324036,17.6674954043052387930856639286503195762634,17.6674954043052387930856639286503195762634,1.8793829635155689938841305774985812604427
15.70000,15.4133538653585517863575660157948732376099,21.7952272589070759067908511497080326080322,17.6678058885580782089164131321012973785400,17.6678058885580782089164131321012973785400,1.8729693471494694989587515010498464107513
15.80000,15.4986594124052050602813324076123535633087,21.7049462618922142098654148867353796958923,17.6663079598536150172094494337216019630432,17.6663079598536150172094494337216019630432,1.8709897545901905679954779770923778414726
15.90000,15.5841050665053337809240474598482251167297,21.6171928561271329272130969911813735961914,17.6632916048148409515761159127578139305115,17.6632916048148409515761159127578139305115,1.8747147130027874695201717258896678686142
16.00000,15.6698182373722723070841311709955334663391,21.5344984269824770706236449768766760826111,17.6593331770314101447638677200302481651306,17.6593331770314101447638677200302481651306,1.8856503102919308645368801080621778964996
16.10000,15.7558642329233808965227581211365759372711,21.4596922137646792805298900930210947990417,17.6551223239719590196727949660271406173706,17.6551223239719590196727949660271406173706,1.9053117987441448022423173824790865182877
16.20000,15.8422351425287875059666475863195955753326,21.3950431245814627345680491998791694641113,17.6512075717902021665395295713096857070923,17.6512075717902021665395295713096857070923,1.9348631235298465735894524186733178794384
16.30000,15.9288565410746567607702672830782830715179,21.3414491445938097058387938886880874633789,17.6478138531813755207622307352721691131592,17.6478138531813755207622307352721691131592,1.9746779793057158691738095512846484780312
16.40000,16.0156099955045760907523799687623977661133,21.2980321957726417281264730263501405715942,17.6448544162519489475471345940604805946350,17.6448544162519489475471345940604805946350,2.0239333587733212560522133571794256567955
16.50000,16.1023655729239862921531312167644500732422,21.2622853627753194416527549037709832191467,17.6421302866474860593370976857841014862061,17.6421302866474860593370976857841014862061,2.0803903624043322828640611987793818116188
16.60000,16.1890162694223107564539532177150249481201,21.2306381051946466698154836194589734077454,17.6395806979071672060399578185752034187317,17.6395806979071672060399578185752034187317,2.1404929788026207937434719497105106711388
16.70000,16.2755059979913667689288558904081583023071,21.1991604005449971737107262015342712402344,17.6374234628382140499525121413171291351318,17.6374234628382140499525121413171291351318,2.1998194728599340663777184090577065944672
16.80000,16.3618444941771166156740946462377905845642,21.1641955332377271759014547569677233695984,17.6361187964893240121000417275354266166687,17.6361187964893240121000417275354266166687,2.2538024344361899942157378973206505179405
16.90000,16.4481057614636725361378921661525964736938,21.1228744987940437738416221691295504570007,17.6362174682092103239483549259603023529053,17.6362174682092103239483549259603023529053,2.2985453238392952179935946332989260554314
17.00000,16.5344106905334449209021840943023562431335,21.0735515461599653974644752452149987220764,17.6382131086835300948223448358476161956787,17.6382131086835300948223448358476161956787,2.3315360193263483523651302675716578960419
17.10000,16.6208982939674818624098406871780753135681,21.0161601850431907223537564277648925781250,17.6424779583680404471124347764998674392700,17.6424779583680404471124347764998674392700,2.3521025622745912464495177118806168437004
17.20000,16.7076926944686512399584898957982659339905,20.9523874022088527624418929917737841606140,17.6492713534029341815312363905832171440125,17.6492713534029341815312363905832171440125,2.3615373898716338629810707061551511287689
17.30000,16.7948739410214855638514563906937837600708,20.8854864439759282390696171205490827560425,17.6587444953068661845918541075661778450012,17.6587444953068661845918541075661778450012,2.3628713943836827660049948462983593344688
17.40000,16.8824596800955575304215017240494489669800,20.8195917583624421354215883184224367141724,17.6708671561310595166105485986918210983276,17.6708671561310595166105485986918210983276,2.3603171261958810767112026951508596539497
17.50000,16.9704019526044405097309208940714597702026,20.7586324344025285881798481568694114685059,17.6852740011250020302213670220226049423218,17.6852740011250020302213670220226049423218,2.3584863847569672579140842572087422013283
17.60000,17.0585996303835933929349266691133379936218,20.7052504014891773920226114569231867790222,17.7011238939525341606895381119102239608765,17.7011238939525341606895381119102239608765,2.3616022439677073485597702529048547148705
17.70000,17.1469231993442221551049442496150732040405,20.6602269608430617608973989263176918029785,17.7170999095155643487942143110558390617371,17.7170999095155643487942143110558390617371,2.3729503411561605474844327545724809169769
17.80000,17.2352456756547418592617759713903069496155,20.6226497120825875697391893481835722923279,17.7316030983856762759387493133544921875000,17.7316030983856762759387493133544921875000,2.3946891909659795416587257932405918836594
17.90000,17.3234720879728918419004912720993161201477,20.5906150520202295695071370573714375495911,17.7430632486030006589317054022103548049927,17.7430632486030006589317054022103548049927,2.4279606427871196494550076749874278903008
18.00000,17.4115604501059770825577288633212447166443,20.5620180557050673542107688263058662414551,17.7502143373049570129751373315230011940002,17.7502143373049570129751373315230011940002,2.4731498312011277462829639262054115533829
18.10000,17.4995293194719963025818287860602140426636,20.5350718853974107958038075594231486320496,17.7522196868123884883061691652983427047729,17.7522196868123884883061691652983427047729,2.5301618312446318981301374151371419429779
18.20000,17.5874503416699923263877280987799167633057,20.5084673804330748225766001269221305847168,17.7486416697090163552275043912231922149658,17.7486416697090163552275043912231922149658,2.5986343826850362148661588435061275959015
18.30000,17.6754278255236592087840108433738350868225,20.4813010290810773028624680591747164726257,17.7393418577407437908277643145993351936340,17.7393418577407437908277643145993351936340,2.6780451391232453772772714728489518165588
18.40000,17.7635705071650384923032106598839163780212,20.4529555146082557826048287097364664077759,17.7244097270780684993951581418514251708984,17.7244097270780684993951581418514251708984,2.7677065676171612729206117364810779690742
18.50000,17.8519624978398958603520441101863980293274,20.4230383684052050341506401309743523597717,17.7041601107168418138826382346451282501221,17.7041601107168418138826382346451282501221,2.8666806448114163785589880717452615499496
18.60000,17.9406405227179668315784510923549532890320,20.3913689923857006647267553489655256271362,17.6791643210835545119152811821550130844116,17.6791643210835545119152811821550130844116,2.9736808729365566961178046767599880695343
18.70000,18.0295829266676861379892216064035892486572,20.3579430621878287865911261178553104400635,17.6502408518514215529648936353623867034912,17.6502408518514215529648936353623867034912,3.0870442851526700422937210532836616039276
18.80000,18.1187129682584284751101222354918718338013,20.3228227935719161223460105247795581817627,17.6183571673066872165236418368294835090637,17.6183571673066872165236418368294835090637,3.2048214272169692762304293864872306585312
18.90000,18.2079153985018535877316026017069816589355,20.2859765676013736879212956409901380538940,17.5844698812662905140768998535349965095520,17.5844698812662905140768998535349965095520,3.3249522035706453593206788355018943548203
19.00000,18.2970621083119091565549751976504921913147,20.2471754238926209268356615211814641952515,17.5493945803665951643779408186674118041992,17.5493945803665951643779408186674118041992,3.4454483714713410869023846316849812865257
19.10000,18.3860405064068928027154470328241586685181,20.2060687183049303428106213686987757682800,17.5137848548929540015706152189522981643677,17.5137848548929540015706152189522981643677,3.5645395149259115896711591631174087524414
19.20000,18.4747777413965046378052647924050688743591,20.1624424695013253483466542093083262443542,17.4782150914143983300164109095931053161621,17.4782150914143983300164109095931053161621,3.6807900280690373229219858330907300114632
19.30000,18.5632549988023036746653815498575568199158,20.1164857596020389962632179958745837211609,17.4432760004895790473256056429818272590637,17.4432760004895790473256056429818272590637,3.7931887574251876849018572102067992091179
19.40000,18.6515085842594494636159652145579457283020,20.0688478721596865739229542668908834457397,17.4095798821027827329999126959592103958130,17.4095798821027827329999126959592103958130,3.9011966922135679070038349891547113656998
19.50000,18.7396177384203568294651631731539964675903,20.0204355176164128238269768189638853073120,17.3776423911128325983099784934893250465393,17.3776423911128325983099784934893250465393,4.0047684738111044566721830051392316818237
19.60000,18.8276823401643227384738565888255834579468,19.9721090935329712579004990402609109878540,17.3476995974795435984106006799265742301941,17.3476995974795435984106006799265742301941,4.1043922387382076877315739693585783243179
19.70000,18.9157960720359170636584167368710041046143,19.9244832681002570495820691576227545738220,17.3195642485637684160337812500074505805969,17.3195642485637684160337812500074505805969,4.2011508430086390575297627947293221950531
19.80000,19.0040216606336258564624586142599582672119,19.8778975600325118477940122829750180244446,17.2925987357085197970718581927940249443054,17.2925987357085197970718581927940249443054,4.2967217492490989982911742117721587419510
19.90000,19.0923742142174006630739313550293445587158,19.8324510049962334790052409516647458076477,17.2658096375005776224043074762448668479919,17.2658096375005776224043074762448668479919,4.3932059442124771209137179539538919925690
20.00000,19.1808166164152389399077947018668055534363,19.7879518779290641816714924061670899391174,17.2380000520920226847465528408065438270569,17.2380000520920226847465528408065438270569,4.4927683901602577520861814264208078384399
20.10000,19.2692679275654867865341657306998968124390,19.7437432772055352359075186541303992271423,17.2078997967315565631452045636251568794250,17.2078997967315565631452045636251568794250,4.5972116113079124488649540580809116363525
20.20000,19.3576225553541405588475754484534263610840,19.6985207218369495762999576982110738754272,17.1742430693209513492547557689249515533447,17.1742430693209513492547557689249515533447,4.7076571385491847721027625084389001131058
20.30000,19.4457753736171774505692155798897147178650,19.6503288914685931842996069462969899177551,17.1358324683420200074124295497313141822815,17.1358324683420200074124295497313141822815,4.8244393284017341727576422272250056266785
20.40000,19.5336466072898673473900998942553997039795,19.5968563201474914592381537659093737602234,17.0916482820195199110457906499505043029785,17.0916482820195199110457906499505043029785,4.9472063633983216490719314606394618749619
20.50000,19.6212004596083566809738840674981474876404,19.5359824608481424945694016059860587120056,17.0410119552665157982573873596265912055969,17.0410119552665157982573873596265912055969,5.0751590099234693553853503544814884662628
20.60000,19.7084530613195667569925717543810606002808,19.4663705617708764350481942528858780860901,16.9837410687821019905641151126474142074585,16.9837410687821019905641151126474142074585,5.2073414855262409872693751822225749492645
20.70000,19.7954679618454996159471193095669150352478,19.3878390613453319701875443570315837860107,16.9202072920632176078470365609973669052124,16.9202072920632176078470365609973669052124,5.3428924390643919295484920439776033163071
20.80000,19.8823404171191313594135863240808248519897,19.3013317312968553096652613021433353424072,16.8512524631947187003788712900131940841675,16.8512524631947187003788712900131940841675,5.4811672220265483801426853460725396871567
20.90000,19.9691744291140871325751504627987742424011,19.2085118485368084861875104252249002456665,16.7779954849594332699780352413654327392578,16.7779954849594332699780352413654327392578,5.6216953077320264142713313049171119928360
21.00000,20.0560582074932689522483997279778122901917,19.1112106725070809432054375065490603446960,16.7016155025842252257461950648576021194458,16.7016155025842252257461950648576021194458,5.7640378748318985557830274046864360570908
21.10000,20.1430440390535494543655659072101116180420,19.0110151974341974323579051997512578964233,16.6231922109171996737586596282199025154114,16.6231922109171996737586596282199025154114,5.9076748146533475392061518505215644836426
21.20000,20.2301373951898284531125682406127452850342,18.9091353727915283400307089323177933692932,16.5436328924366620185537612996995449066162,16.5436328924366620185537612996995449066162,6.0520069831080318678573348734062165021896
21.30000,20.3172977807341759159953653579577803611755,18.8064738515945144570196134736761450767517,16.4636568078120184566159878158941864967346,16.4636568078120184566159878158941864967346,6.1964580167046561243182623002212494611740
21.40000,20.4044509223500405425966164330020546913147,18.7037172751114937341299082618206739425659,16.3837830107675301860581384971737861633301,16.3837830107675301860581384971737861633301,6.3406021759264730164318280003499239683151
21.50000,20.4915091393199908509359374875202775001526,18.6013353127015612642480846261605620384216,16.3042959163108989173451845999807119369507,16.3042959163108989173451845999807119369507,6.4842526193997533923152332135941833257675
21.60000,20.5783948054397995974795776419341564178467,18.4995143576673868324178329203277826309204,16.2252185063900924433255568146705627441406,16.2252185063900924433255568146705627441406,6.6274721503270015432462969329208135604858
21.70000,20.6650611465750309037048282334581017494202,18.3981366390845160196931828977540135383606,16.1463513130999203326609858777374029159546,16.1463513130999203326609858777374029159546,6.7704951594597089226112984761130064725876
21.80000,20.7515053533132842744635127019137144088745,18.2968888404225502597455488285049796104431,16.0674032643729063352111552376300096511841,16.0674032643729063352111552376300096511841,6.9135876649900191992514919547829777002335
21.90000,20.8377709174774423672715784050524234771729,18.1954872583430784516167477704584598541260,15.9881717357120951561455513001419603824615,15.9881717357120951561455513001419603824615,7.0569147043963269538835447747260332107544
22.00000,20.9239387465928601272935338784009218215942,18.0939212441921704055403097299858927726746,15.9086830236139675776030344422906637191772,15.9086830236139675776030344422906637191772,7.2004939435570953776277747238054871559143
22.10000,21.0101093327970787072445091325789690017700,17.9925965154421731995171285234391689300537,15.8292212203005338011507774353958666324615,15.8292212203005338011507774353958666324615,7.3442634076381834162816630851011723279953
22.20000,21.0963803978551176498967834049835801124573,17.8923060394925741434235533233731985092163,15.7502399646553694623207775293849408626556,15.7502399646553694623207775293849408626556,7.4882065080369510923219422693364322185516
22.30000,21.1828254865542611184991983463987708091736,17.7940447697347963185166008770465850830078,15.6722166442800627805809199344366788864136,15.6722166442800627805809199344366788864136,7.6324369677289309876755396544467657804489
22.40000,21.2694786847231576132344343932345509529114,17.6987721092165628533621202223002910614014,15.5955285984617493255655062966980040073395,15.5955285984617493255655062966980040073395,7.7771935970162209272871223220136016607285
22.50000,21.3563290775666665410881250863894820213318,17.6072378669892870561852760147303342819214,15.5203993341043435805204353528097271919250,15.5203993341043435805204353528097271919250,7.9227682763472691007677894958760589361191
22.60000,21.4433261382391897598154173465445637702942,17.5198967478592955160365818301215767860413,15.4469072949416315054804726969450712203979,15.4469072949416315054804726969450712203979,8.0694082962152240412478931830264627933502
22.70000,21.5303945577035378278196731116622686386108,17.4368521025435789795210439478978514671326,15.3750117895140387958008432178758084774017,15.3750117895140387958008432178758084774017,8.2172230812190427684527094243094325065613
22.80000,21.6174547577066640258180996170267462730408,17.3578044384873457772755500627681612968445,15.3045587870915440475982904899865388870239,15.3045587870915440475982904899865388870239,8.3661416220109217078970686998218297958374
22.90000,21.7044440127067623791390360565856099128723,17.2820705576595585739596572238951921463013,15.2352730244731411346492677694186568260193,15.2352730244731411346492677694186568260193,8.5159685214200369074433183413930237293243
23.00000,21.7913330394568873771277139894664287567139,17.2087437063914485690929723205044865608215,15.1667774752067483490236554644070565700531,15.1667774752067483490236554644070565700531,8.6665217954348392481733753811568021774292
23.10000,21.8781340839903712947034364333376288414001,17.1369640911369529590047022793442010879517,15.0986710293174546393402124522253870964050,15.0986710293174546393402124522253870964050,8.8177561164924114223140350077301263809204
23.20000,21.9648986438659719055976893287152051925659,17.0661728597546478169988404260948300361633,15.0306498958854852787681011250242590904236,15.0306498958854852787681011250242590904236,8.9697717118496473887034881045110523700714
23.30000,22.0517054943476438211291679181158542633057,16.9962331536406949794582033064216375350952,14.9626208534676656825013196794316172599792,14.9626208534676656825013196794316172599792,9.1226969410530056592278924654237926006317
23.40000,22.1386420318191134981589129893109202384949,16.9274046164042530904225714039057493209839,14.8947573439996983069022462586872279644012,14.8947573439996983069022462586872279644012,9.2765319602239699747769918758422136306763
23.50000,22.2257835419388278808128234231844544410706,16.8602484393680924767977558076381683349609,14.8274844916602255295856593875214457511902,14.8274844916602255295856593875214457511902,9.4310629979864692984392604557797312736511
23.60000,22.3131754587148520840855780988931655883789,16.7955394114057554588725906796753406524658,14.7614105387853715711798940901644527912140,14.7614105387853715711798940901644527912140,9.5858937925498626242415411979891359806061
23.70000,22.4008228964349456191484932787716388702393,16.7341902290244206596980802714824676513672,14.6972254148604211110296091646887362003326,14.6972254148604211110296091646887362003326,9.7405622957385258331441946211270987987518
23.80000,22.4886899117565768335680331801995635032654,16.6771448751505104723946715239435434341431,14.6355741343247167662866559112444519996643,14.6355741343247167662866559112444519996643,9.8946865182576555497462322819046676158905
23.90000,22.5767085505875151341115270042791962623596,16.6252164608267243295358639443293213844299,14.5769145244933042704360559582710266113281,14.5769145244933042704360559582710266113281,10.0480959624276309227752790320664644241333
24.00000,22.6647953541501365748445095960050821304321,16.5788636306142045384603989077731966972351,14.5213880841876914473687065765261650085449,14.5213880841876914473687065765261650085449,10.2008828163889564422106559504754841327667
24.10000,22.7528712226297002985120343510061502456665,16.5379185993576918178860069019719958305359,14.4687411935864034262522181961685419082642,14.4687411935864034262522181961685419082642,10.3533074348145852638936048606410622596741
24.20000,22.8408797814289883376659417990595102310181,16.5014057497484465386605734238401055335999,14.4183344688762797858316844212822616100311,14.4183344688762797858316844212822616100311,10.5056165934248753046631463803350925445557
24.30000,22.9287998247974016408079478424042463302612,16.4677088575209786824871116550639271736145,14.3692834585803552727156784385442733764648,14.3692834585803552727156784385442733764648,10.6579417651576697778637026203796267509460
24.40000,23.0166489004686916075570479733869433403015,16.4352002164691057828349585179239511489868,14.3207444636399223725220508640632033348083,14.3207444636399223725220508640632033348083,10.8103601896579544217047441634349524974823
24.50000,23.1044772767525010692679643398150801658630,16.4031078092838953352838871069252490997314,14.2722781295229541598246214562095701694489,14.2722781295229541598246214562095701694489,10.9630288269904898612594479345716536045074
24.60000,23.1923538728837783651215431746095418930054,16.3721879704207147199213068233802914619446,14.2241493900761089008710769121535122394562,14.2241493900761089008710769121535122394562,11.1162430631522735069438567734323441982269
24.70000,23.2803476707384966459812858374789357185364,16.3448485337901097125268279341980814933777,14.1774163196834219746733651845715939998627,14.1774163196834219746733651845715939998627,11.2703635651617624091613834025338292121887
24.80000,23.3685091929208219596603157697245478630066,16.3246183163804161608823051210492849349976,14.1337278574237128481172476313076913356781,14.1337278574237128481172476313076913356781,11.4256717944538106479512862279079854488373
24.90000,23.4568565706554430505548225482925772666931,16.3151149397325774259570607682690024375916,14.0948623280203140240018910844810307025909,14.0948623280203140240018910844810307025909,11.5822468543473906521512617473490536212921
25.00000,23.5453695556272784017437516013160347938538,16.3188840482009425159048987552523612976074,14.0621632609247964040832812315784394741058,14.0621632609247964040832812315784394741058,11.7399270819786263331252484931610524654388
25.10000,23.6339928507326142437250382499769330024719,16.3366079122507841248079785145819187164307,14.0361068927805998640678808442316949367523,14.0361068927805998640678808442316949367523,11.8983869774221968640404156758449971675873
25.20000,23.7226478440141583803324465407058596611023,16.3670132103757488550854759523645043373108,14.0161788118499543998041190207004547119141,14.0161788118499543998041190207004547119141,12.0573034306899966594528450514189898967743
25.30000,23.8112497960131292984442552551627159118652,16.4073713065064339389209635555744171142578,14.0010598067593257098906178725883364677429,14.0010598067593257098906178725883364677429,12.2165014890009100412271436653099954128265
25.40000,23.8997262456260877172553591663017868995667,16.4542212148065125632001581834629178047180,13.9889845949439521888280069106258451938629,13.9889845949439521888280069106258451938629,12.3759782705446941264426641282625496387482
25.50000,23.9880321606558553071408823598176240921021,16.5040586364054533419221115764230489730835,13.9781374535313762663690795307047665119171,13.9781374535313762663690795307047665119171,12.5358158899985596690385136753320693969727
25.60000,24.0761582053654059620839689159765839576721,16.5539411416188784187397686764597892761230,13.9670138587647958416937399306334555149078,13.9670138587647958416937399306334555149078,12.6960716294546944737930971314199268817902
25.70000,24.1641302091203371560368395876139402389526,16.6020257148316936479659489123150706291199,13.9547155663055768570757209090515971183777,13.9547155663055768570757209090515971183777,12.8567247913408770898513466818258166313171
25.80000,24.2520000775753068467111006611958146095276,16.6479944228876846068487793672829866409302,13.9411446659087427946133175282739102840424,13.9411446659087427946133175282739102840424,13.0177051686455094170469237724319100379944
25.90000,24.3398304688958369013107585487887263298035,16.6932397857969228027741337427869439125061,13.9270510899114761116379668237641453742981,13.9270510899114761116379668237641453742981,13.1789680748698057044521192437969148159027
26.00000,24.4276770593468199876951985061168670654297,16.7406658214350336777442862512543797492981,13.9138967959052308742684544995427131652832,13.9138967959052308742684544995427131652832,13.3405492889713919169025757582858204841614
26.10000,24.5155727813017314531407464528456330299377,16.7940599262125154211844346718862652778625,13.9035400911330313533653679769486188888550,13.9035400911330313533653679769486188888550,13.5025525252481823912376057705841958522797
26.20000,24.6035178989743954502955602947622537612915,16.8571695777893175716144469333812594413757,13.8978053515256139149869341053999960422516,13.8978053515256139149869341053999960422516,13.6650767737124869682929784175939857959747
26.30000,24.6914783271568829547959467163309454917908,16.9327665986932274222453997936099767684937,13.8980540397985929956803374807350337505341,13.8980540397985929956803374807350337505341,13.8281368462529243856806715484708547592163
26.40000,24.7793925651112481034488155273720622062683,17.0219933141015005162444140296429395675659,13.9048775371609529827310325345024466514587,13.9048775371609529827310325345024466514587,13.9916308048908426542311644880101084709167
26.50000,24.8671855193314499388179683592170476913452,17.1241609849720184399757272331044077873230,13.9179879857125197162304175435565412044525,13.9179879857125197162304175435565412044525,14.1553705328784289463328605052083730697632
26.60000,24.9547858394862522857238218421116471290588,17.2370134291017471639406721806153655052185,13.9363226849395047679536219220608472824097,13.9363226849395047679536219220608472824097,14.3191538987089881374004107783548533916473
26.70000,25.0421425833343924693963344907388091087341,17.3573583146869339088880224153399467468262,13.9583299833653793342591598047874867916107,13.9583299833653793342591598047874867916107,14.4828409312905694861228766967542469501495
26.80000,25.1292372372661461099596635904163122177124,17.4819063602223536690871696919202804565430,13.9823691966734582337039682897739112377167,13.9823691966734582337039682897739112377167,14.6464052041415833116388967027887701988220
26.90000,25.2160882806291155588951369281858205795288,17.6081076856241232064803625689819455146790,14.0071230758375477876143122557550668716431,14.0071230758375477876143122557550668716431,14.8099498145781414137900355854071676731110
27.00000,25.3027473024894398179185373010113835334778,17.7347250941753031838743481785058975219727,14.0318981979546659744073622277937829494476,14.0318981979546659744073622277937829494476,14.9736760007554110529781610239297151565552
27.10000,25.3892877159834213784961320925503969192505,17.8619118118836937014748400542885065078735,14.0567034540072270942800969351083040237427,14.0567034540072270942800969351083040237427,15.1377926198526608914107782766222953796387
27.20000,25.4757888761955157974625763017684221267700,17.9907439648188081093849177705124020576477,14.0820672507440320941896061412990093231201,14.0820672507440320941896061412990093231201,15.3023983395262597184682817896828055381775
27.30000,25.5623194665328448138552630553022027015686,18.1224274727970282583555672317743301391602,14.1086648032671586605601987685076892375946,14.1086648032671586605601987685076892375946,15.4674173327955521983767539495602250099182
27.40000,25.6489241190422738725374074419960379600525,18.2575688822357591334366588853299617767334,14.1369243397073525159157725283876061439514,14.1369243397073525159157725283876061439514,15.6326443218633261977856818703003227710724
27.50000,25.7356163553891050810307206120342016220093,18.3958388860095034544883674243465065956116,14.1667981004448382265081818331964313983917,14.1667981004448382265081818331964313983917,15.7978590405089320825027243699878454208374
27.60000,25.8223793017531377813611470628529787063599,18.5361241852648888084331701975315809249878,14.1977941425862663749057901441119611263275,14.1977941425862663749057901441119611263275,15.9629152018454920636258975719101727008820
27.70000,25.9091736562160406265320489183068275451660,18.6770282927794006866406562039628624916077,14.2292184698563435318874326185323297977448,14.2292184698563435318874326185323297977448,16.1277650092827542493978398852050304412842
27.80000,25.9959505666268562151799415005370974540710,18.8174304015844526816181314643472433090210,14.2604685531206349935473554069176316261292,14.2604685531206349935473554069176316261292,16.2924438619700353569896833505481481552124
27.90000,26.0826658602296710398604773217812180519104,18.9567910736573530527948605595156550407410,14.2912131761903662408030868391506373882294,14.2912131761903662408030868391506373882294,16.4570305815062880583354854024946689605713
28.00000,26.1692917466636458811990451067686080932617,19.0950780497332281981925916625186800956726,14.3213846126489805499204521765932440757751,14.3213846126489805499204521765932440757751,16.6216005710989094268370536155998706817627
28.10000,26.2558227627576492579919431591406464576721,19.2324646927170697097153606591746211051941,14.3510372509776100713452251511625945568085,14.3510372509776100713452251511625945568085,16.7862129535195023777305323164910078048706
28.20000,26.3422741759869154520856682211160659790039,19.3690910571212135948826471576467156410217,14.3802096322457959587381992605514824390411,14.3802096322457959587381992605514824390411,16.9509459686165371294919168576598167419434
28.30000,26.4286729579101127285412076162174344062805,19.5050754359835814000234677223488688468933,14.4089087398924302618752335547469556331635,14.4089087398924302618752335547469556331635,17.1159309141088336048142082290723919868469
28.40000,26.5150433186970921894953789887949824333191,19.6407380202417272130333003588020801544189,14.4372328125279381083601037971675395965576,14.4372328125279381083601037971675395965576,17.2813157138829431858084717532619833946228
28.50000,26.6013902031818858517908665817230939865112,19.7768388502370733306179317878559231758118,14.4655385255009782952129171462729573249817,14.4655385255009782952129171462729573249817,17.4471520024170061446966428775340318679810
28.60000,26.6876847476513958667965198401361703872681,19.9146340417190401694824686273932456970215,14.4945154210675433148480806266888976097107,14.4945154210675433148480806266888976097107,17.6132879472353494065828272141516208648682
28.70000,26.7738553455082950449650525115430355072021,20.0556794781733174204418901354074478149414,14.5250805556723818767750344704836606979370,14.5250805556723818767750344704836606979370,17.7793737123368487118568737059831619262695
28.80000,26.8597867652493604850860720034688711166382,20.2014555778004627484278898919001221656799,14.5581156570595418031643930589780211448669,14.5581156570595418031643930589780211448669,17.9450110289307360744714969769120216369629
28.90000,26.9453280094929219501409534132108092308044,20.3529622497253370738690136931836605072021,14.5941653189700311088472517440095543861389,14.5941653189700311088472517440095543861389,18.1099596212781968063154636183753609657288
29.00000,27.0303077262617961196156102232635021209717,20.5104232717846848288445471553131937980652,14.6332351274642320504426606930792331695557,14.6332351274642320504426606930792331695557,18.2742607431180168475748359924182295799255
29.10000,27.1145544208373898698027915088459849357605,20.6731822527262210087428684346377849578857,14.6747688218526519676743191666901111602783,14.6747688218526519676743191666901111602783,18.4381990298583069431970216101035475730896
29.20000,27.1979178081908479214234830578789114952087,20.8398102229979933497361344052478671073914,14.7177953617531613872415618970990180969238,14.7177953617531613872415618970990180969238,18.6021373076825149439628148684278130531311
29.30000,27.2802875619363867087940889177843928337097,21.0083949716930256101932172896340489387512,14.7611752493388763696202659048140048980713,14.7611752493388763696202659048140048980713,18.7663320349516595797467743977904319763184
29.40000,27.3616064312783677792140224482864141464233,21.1769447518509643657580454600974917411804,14.8038599680936879821047114091925323009491,14.8038599680936879821047114091925323009491,18.9308312469419561807626450899988412857056
29.50000,27.4418760148950013899593614041805267333984,21.3438163128931464029847120400518178939819,14.8450970877747394638390687759965658187866,14.8450970877747394638390687759965658187866,19.0954981522386688652659358922392129898071
29.60000,27.5211550825343493897889857180416584014893,21.5080643888827083287651475984603166580200,14.8845448350385325397837732452899217605591,14.8845448350385325397837732452899217605591,19.2601298013399961917002656264230608940125
29.70000,27.5995518532441757031392626231536269187927,21.6696051970434595546066702809184789657593,14.9222864365126568486630276311188936233521,14.9222864365126568486630276311188936233521,19.4245841772623180077061988413333892822266
29.80000,27.6772127293563521277519612340256571769714,21.8291269618860823698014428373426198959351,14.9587516756570284570670992252416908740997,14.9587516756570284570670992252416908740997,19.5888363399283811361328844213858246803284
29.90000,27.7543103975764999802322563482448458671570,21.9877865084081030033757997443899512290955,14.9945691834841223766261464334093034267426,14.9945691834841223766261464334093034267426,19.7529585390163582303557632258161902427673
30.00000,27.8310338443364528870915819425135850906372,22.1468356955535554675407183822244405746460,15.0303928747953037259321718011051416397095,15.0303928747953037259321718011051416397095,19.9170837902994009027679567225277423858643
30.10000,27.9075817769872571716405218467116355895996,22.3073343323880770583400590112432837486267,15.0667572966921792243510935804806649684906,15.0667572966921792243510935804806649684906,20.0814015159909757812783936969935894012451
30.20000,27.9841594578181123154081433312967419624329,22.4700171045915766399048152379691600799561,15.1040035130330547730181933729909360408783,15.1040035130330547730181933729909360408783,20.2461695363435758565628930227831006050110
30.30000,28.0609774332904819971190590877085924148560,22.6352709461074539376568282023072242736816,15.1422823516998565906988005735911428928375,15.1422823516998565906988005735911428928375,20.4116836759982227533782861428335309028625
30.40000,28.1382495023129663991312554571777582168579,22.8031439925480228225751488935202360153198,15.1816074594626009286457701819017529487610,15.1816074594626009286457701819017529487610,20.5781785759357873644148639868944883346558
30.50000,28.2161868683951766456630139146000146865845,22.9733622749929580209027335513383150100708,15.2219186006521045584349849377758800983429,15.2219186006521045584349849377758800983429,20.7457119420839255496957775903865694999695
30.60000,28.2949859407231905095159163465723395347595,23.1453851782079027543659321963787078857422,15.2631299923953687169841941795311868190765,15.2631299923953687169841941795311868190765,20.9141111341403522771997813833877444267273
30.70000,28.3748086307489515434099303092807531356812,23.3185319808016018328089558053761720657349,15.3051629581077346387019133544526994228363,15.3051629581077346387019133544526994228363,21.0830146953350876515287382062524557113647
30.80000,28.4557559366025571989666786976158618927002,23.4921748640788514705945999594405293464661,15.3479749226363075820245285285636782646179,15.3479749226363075820245285285636782646179,21.2519809554087899527985427994281053543091
30.90000,28.5378376503024249188911198871210217475891,23.6659369862726940425545762991532683372498,15.3915896321367799970403211773373186588287,15.3915896321367799970403211773373186588287,21.4205953723015589673650538315996527671814
31.00000,28.6209426529068267086586274672299623489380,23.8398055733836891079135966720059514045715,15.4361167383121973273318872088566422462463,15.4361167383121973273318872088566422462463,21.5885147496661247146221285220235586166382
31.10000,28.7048150771766827915598696563392877578735,24.0140987402594170418979047099128365516663,15.4817379369845991021747977356426417827606,15.4817379369845991021747977356426417827606,21.7554379434669016291081788949668407440186
31.20000,28.7890414339740132732003985438495874404907,24.1892870884977568834983685519546270370483,15.5286415142456650784197336179204285144806,15.5286415142456650784197336179204285144806,21.9210454939804435525729786604642868041992
31.30000,28.8730526912679792417293356265872716903687,24.3657410014329016689771378878504037857056,15.5769105669699623462065574130974709987640,15.5769105669699623462065574130974709987640,22.0849725587609562182933586882427334785461
31.40000,28.9561435338581780740696558495983481407166,24.5435219570326559335171623388305306434631,15.6263997733002018009074163273908197879791,15.6263997733002018009074163273908197879791,22.2468659442904268530583067331463098526001
31.50000,29.0375089647240258727833861485123634338379,24.7222930105372782350059424061328172683716,15.6766421572942711293308093445375561714172,15.6766421572942711293308093445375561714172,22.4065176606727618491277098655700683593750
31.60000,29.1162963380369816945858474355190992355347,24.9013096744595188170023902785032987594604,15.7268057590359333630658511538058519363403,15.7268057590359333630658511538058519363403,22.5639944944246337854565354064106941223145
31.70000,29.1916690334267556750091898720711469650269,25.0794169333499681329158192966133356094360,15.7757079984735621991376319783739745616913,15.7757079984735621991376319783739745616913,22.7196699698295994096497452119365334510803
31.80000,29.2628763890470366959561943076550960540771,25.2550513321609990669003309449180960655212,15.8219094408501934623245688271708786487579,15.8219094408501934623245688271708786487579,22.8741088395076488382073875982314348220825
31.90000,29.3293232767979752395604009507223963737488,25.4263154044485268912012543296441435813904,15.8639108630630207841250012279488146305084,15.8639108630630207841250012279488146305084,23.0278169551204570097979740239679813385010
32.00000,29.3906319419164852035919466288760304450989,25.5911911946280206109349819598719477653503,15.9004361602772927852811335469596087932587,15.9004361602772927852811335469596087932587,23.1809508159899166912509826943278312683105
32.10000,29.4466886349197984884540346683934330940247,25.7478832244547355401209642877802252769470,15.9307205489966730027617813902907073497772,15.9307205489966730027617813902907073497772,23.3331307613811880230514361755922436714172
32.20000,29.4976683754724042785255733178928494453430,25.8951655914608664943443727679550647735596,15.9546890224379698253187598311342298984528,15.9546890224379698253187598311342298984528,23.4834559220573311222324264235794544219971
32.30000,29.5440330941815858523114002309739589691162,26.0325502477950934121508907992392778396606,15.9729371157128667846336611546576023101807,15.9729371157128667846336611546576023101807,23.6307091105509456951949687208980321884155
32.40000,29.5865014143950766367652249755337834358215,26.1601776413838251755805686116218566894531,15.9865119775685045055979571770876646041870,15.9865119775685045055979571770876646041870,23.7736551006418928011498792329803109169006
32.50000,29.6259921947357121041477512335404753684998,26.2785267384296403747612203005701303482056,15.9965966767347040899949206504970788955688,15.9965966767347040899949206504970788955688,23.9113255796959442989191302331164479255676
32.60000,29.6635480636773607443501532543450593948364,26.3881934363784935726471303496509790420532,16.0042570479664227889315952779725193977356,16.0042570479664227889315952779725193977356,24.0432274041230087391340930480509996414185
32.70000,29.7002486888895838035296037560328841209412,26.4899341449558960448484867811203002929688,16.0103670021556894198511145077645778656006,16.0103670021556894198511145077645778656006,24.1694488295341010086758615216240286827087
32.80000,29.7371255082164331895455688936635851860046,26.5849244903712786936011980287730693817139,16.0157041330717255789295450085774064064026,16.0157041330717255789295450085774064064026,24.2906417324442607252876769052818417549133
32.90000,29.7750893766552415797832509269937872886658,26.6749615719459711726813111454248428344727,16.0210892697121849437280616257339715957642,16.0210892697121849437280616257339715957642,24.4078724091768393122947600204497575759888
33.00000,29.8148798123809086746405228041112422943115,26.7623564628387562436273583443835377693176,16.0274197165354692629080091137439012527466,16.0274197165354692629080091137439012527466,24.5223968421487228397381841205060482025146
33.10000,29.8570396844415810733153193723410367965698,26.8494428071991286799402587348595261573792,16.0355372621807710231678356649354100227356,16.0355372621807710231678356649354100227356,24.6354079672791677069199067773297429084778
33.20000,29.9019133577960722902844281634315848350525,26.9378710704670609743516251910477876663208,16.0460133391543529057798878056928515434265,16.0460133391543529057798878056928515434265,24.7477577499544274530762777430936694145203
33.30000,29.9496609894120595640742976684123277664185,27.0280979994671142208062519785016775131226,16.0590166181975675385729118715971708297729,16.0590166181975675385729118715971708297729,24.8597257524840387077347259037196636199951
33.40000,30.0002783632935603463920415379106998443604,27.1193739358679124507034430280327796936035,16.0743820750655679319152113748714327812195,16.0743820750655679319152113748714327812195,24.9708881490303404859787406167015433311462
33.50000,30.0536114852454900869815901387482881546021,27.2101756413565745162941311718896031379700,16.0918529357162682913440221454948186874390,16.0918529357162682913440221454948186874390,25.0800812551695315733013558201491832733154
33.60000,30.1093585290127698783635423751547932624817,27.2987380338898155685001256642863154411316,16.1113272841639059151930268853902816772461,16.1113272841639059151930268853902816772461,25.1854419945747771691912930691614747047424
33.70000,30.1670580822407004006890929304063320159912,27.3833335231815944155187025899067521095276,16.1329168835373479851114097982645034790039,16.1329168835373479851114097982645034790039,25.2845578383475952932712971232831478118896
33.80000,30.2260704110680187284287967486307024955750,27.4622242303780694783199578523635864257812,16.1567452185640547668299404904246330261230,16.1567452185640547668299404904246330261230,25.3748042043179786730888736201450228691101
33.90000,30.2855652648754052336244058096781373023987,27.5335258232131785405272239586338400840759,16.1826007236180160475669254083186388015747,16.1826007236180160475669254083186388015747,25.4538896408525481263041001511737704277039
34.00000,30.3445329936446022145446477225050330162048,27.5953048726000709223171725170686841011047,16.2096817141257183436664490727707743644714,16.2096817141257183436664490727707743644714,25.5204744379932364495289220940321683883667
34.10000,30.4018335777639734374133695382624864578247,27.6460373747316410231178451795130968093872,16.2366234184523499095575971296057105064392,16.2366234184523499095575971296057105064392,25.5746241155909146414160204585641622543335
34.20000,30.4562902727884932119195582345128059387207,27.6852595271433763457480381475761532783508,16.2618210712864481592987431213259696960449,16.2618210712864481592987431213259696960449,25.6179076573589767917837889399379491806030
34.30000,30.5068225503006473786626884248107671737671,27.7140450416050114768040657509118318557739,16.2838912145250276353181106969714164733887,16.2838912145250276353181106969714164733887,25.6530851628556071375442115822806954383850
34.40000,30.5525999478074048454345756908878684043884,27.7349484368917629240058886352926492691040,16.3020512887490909292864671442657709121704,16.3020512887490909292864671442657709121704,25.6834458072009823581538512371480464935303
34.50000,30.5931879096829000275192811386659741401672,27.7512686772807235513482737587764859199524,16.3162585783360007951614534249529242515564,16.3162585783360007951614534249529242515564,25.7119394302916255412583268480375409126282
34.60000,30.6286517836746199350272945594042539596558,27.7658381487855265845610119868069887161255,16.3270838285055717165050737094134092330933,16.3270838285055717165050737094134092330933,25.7403222754490030865781591273844242095947
34.70000,30.6595877485277767959814809728413820266724,27.7798539136949820260724663967266678810120,16.3354274799280965169145929394289851188660,16.3354274799280965169145929394289851188660,25.7685867023665622355110826902091503143311
34.80000,30.6870601027835192553538945503532886505127,27.7923280006259041385874297702684998512268,16.3422438306055823886708822101354598999023,16.3422438306055823886708822101354598999023,25.7949004421982586165995599003508687019348
34.90000,30.7124420744368222813136526383459568023682,27.8004595896758175399554602336138486862183,16.3483892265702124291237851139158010482788,16.3483892265702124291237851139158010482788,25.8161232109722114103078638436272740364075
35.00000,30.7371794588752180743540520779788494110107,27.8007725486447689888791501289233565330505,16.3545971841215269648728281026706099510193,16.3545971841215269648728281026706099510193,25.8287576392769366862012248020619153976440
35.10000,30.7625183346268791240163409383967518806458,27.7904889722137973251392395468428730964661,16.3614913769146994582115439698100090026855,16.3614913769146994582115439698100090026855,25.8300245530112775327324925456196069717407
35.20000,30.7892534671450128769265575101599097251892,27.7685176248586067515589093090966343879700,16.3695346305377142925863154232501983642578,16.3695346305377142925863154232501983642578,25.8187018309281910433128359727561473846436
35.30000,30.8175561934911250716595532139763236045837,27.7356421619636073216952354414388537406921,16.3788767577935949759648792678490281105042,16.3788767577935949759648792678490281105042,25.7954448398675424414250301197171211242676
35.40000,30.8469258230973544243624928640201687812805,27.6938848974089033561085670953616499900818,16.3891610595609442668774136109277606010437,16.3891610595609442668774136109277606010437,25.7624886013843692467162327375262975692749
35.50000,30.8762791579812372333435632754117250442505,27.6454198604433720731776702450588345527649,16.3994162511057766096200793981552124023438,16.3994162511057766096200793981552124023438,25.7228665162130525345673959236592054367065
35.60000,30.9041575814196072258255298947915434837341,27.5916108342890424864890519529581069946289,16.4081466188540332495904294773936271667480,16.4081466188540332495904294773936271667480,25.6794751780005796604200440924614667892456
35.70000,30.9290023911050546701062557986006140708923,27.5326343924609950875037611695006489753723,16.4136363685579418358884140616282820701599,16.4136363685579418358884140616282820701599,25.6343640464501625331195100443437695503235
35.80000,30.9494359232716256258299836190417408943176,27.4677863390814991362276487052440643310547,16.4143650536135687900696211727336049079895,16.4143650536135687900696211727336049079895,25.5884921551259871819183899788185954093933
35.90000,30.9644907307734378321129042888060212135315,27.3961961698833746936543320771306753158569,16.4093690575159776301461533876135945320129,16.4093690575159776301461533876135945320129,25.5419487856248608181886083912104368209839
36.00000,30.9737471488335636138344852952286601066589,27.3175126913394201721985155018046498298645,16.3984136268417017845422378741204738616943,16.3984136268417017845422378741204738616943,25.4944325864895766642348462482914328575134
36.10000,30.9773635819880119868230394786223769187927,27.2322278659425265345817024353891611099243,16.3819342666092921945164562202990055084229,16.3819342666092921945164562202990055084229,25.4457229147119576850855082739144563674927
36.20000,30.9760071292436549583726446144282817840576,27.1415539973929362815852073254063725471497,16.3608096774635924930407782085239887237549,16.3608096774635924930407782085239887237549,25.3959417717094062538762955227866768836975
36.30000,30.9707103575018543040187068982049822807312,27.0469982792834215956645493861287832260132,16.3360899220780062535141041735187172889709,16.3360899220780062535141041735187172889709,25.3455287926292633926550479372963309288025
36.40000,30.9626906854871251084659888874739408493042,26.9498955981387950942007591947913169860840,16.3087978701436355777332209981977939605713,16.3087978701436355777332209981977939605713,25.2949905433386525999139848863705992698669
36.50000,30.9531707670950240185447910334914922714233,26.8511468246621305411281355191022157669067,16.2798606235776830430950212758034467697144,16.2798606235776830430950212758034467697144,25.2445963446017884734828840009868144989014
36.60000,30.9432315394114922924018173944205045700073,26.7512836272348195620907063130289316177368,16.2501496516945458381542266579344868659973,16.2501496516945458381542266579344868659973,25.1942158632572166254703915910795331001282
36.70000,30.9337161007726351158453326206654310226440,26.6507958379123301995150541188195347785950,16.2205531290912539077453402569517493247986,16.2205531290912539077453402569517493247986,25.1434056805024574998697062255814671516418
36.80000,30.9251862577425633560324058635160326957703,26.5505053287352765778450702782720327377319,16.1919919836282346636835427489131689071655,16.1919919836282346636835427489131689071655,25.0917076192213706065103906439617276191711
36.90000,30.9179196454513451897128106793388724327087,26.4517321503560900453067006310448050498962,16.1653246691283705160913086729124188423157,16.1653246691283705160913086729124188423157,25.0390024575506942028368939645588397979736
37.00000,30.9119283272393481354356481460854411125183,26.3560869728358255770217510871589183807373,16.1411524760570657122116244863718748092651,16.1411524760570657122116244863718748092651,24.9857103479610387353204714599996805191040
37.10000,30.9069815125275155764938972424715757369995,26.2648932593762260978564881952479481697083,16.1196073104856587576705351239070296287537,16.1196073104856587576705351239070296287537,24.9326601509324206062956363894045352935791
37.20000,30.9026236884750851174885610817000269889832,26.1784587814511944259265874279662966728210,16.1002334758238063727731059771031141281128,16.1002334758238063727731059771031141281128,24.8806155182786667978689365554600954055786
37.30000,30.8981905377823053981956036295741796493530,26.0956306384872327441826200811192393302917,16.0820346714040915969690104248002171516418,16.0820346714040915969690104248002171516418,24.8297518334613585011538816615939140319824
37.40000,30.8928333734932643039883259916678071022034,26.0139934146146849514025234384462237358093,16.0636668825124466764009412145242094993591,16.0636668825124466764009412145242094993591,24.7794930230830559025889670010656118392944
37.50000,30.8855648098158184211570187471807003021240,25.9305381566505985801995848305523395538330,16.0436804602710907374785165302455425262451,16.0436804602710907374785165302455425262451,24.7287420459242355263995705172419548034668
37.60000,30.8753332028345752746645302977412939071655,25.8423053701920260039059940027073025703430,16.0207053229984559550302947172895073890686,16.0207053229984559550302947172895073890686,24.6762279270296893685099348658695816993713
37.70000,30.8611233008253265097664552740752696990967,25.7467441195969648504160431912168860435486,15.9935337841555469395871114102192223072052,15.9935337841555469395871114102192223072052,24.6207998521112010337219544453546404838562
37.80000,30.8420698567525057853799808071926236152649,25.6418298507214572623524873051792383193970,15.9611376744572908137342892587184906005859,15.9611376744572908137342892587184906005859,24.5616243585593814202638895949348807334900
37.90000,30.8175640982974172743524832185357809066772,25.5260975735696007404840202070772647857666,15.9226987094996754734665955766104161739349,15.9226987094996754734665955766104161739349,24.4982642528676706206169910728931427001953
38.00000,30.7873324534056784784752380801364779472351,25.3987334688374950530942442128434777259827,15.8777053907381162645151562173850834369659,15.8777053907381162645151562173850834369659,24.4306551407669445552528486587107181549072
38.10000,30.7514724778222614531841827556490898132324,25.2597684522351926261762855574488639831543,15.8261028704528019517283610184676945209503,15.8261028704528019517283610184676945209503,24.3590351891518501759037462761625647544861
38.20000,30.7104399590656491625395574374124407768250,25.1102837557398359535909548867493867874146,15.7684249775940283910813377588056027889252,15.7684249775940283910813377588056027889252,24.2838737596174283339678368065506219863892
38.30000,30.6649904421615353555807814700528979301453,24.9524540610535972007255622884258627891541,15.7058203329627179556382543523795902729034,15.7058203329627179556382543523795902729034,24.2058038372896966450298350537195801734924
38.40000,30.6160855209518594222117826575413346290588,24.7892748296034284294364624656736850738525,15.6399116801241220287010946776717901229858,15.6399116801241220287010946776717901229858,24.1255369903070437942460557678714394569397
38.50000,30.5647782361559094965741678606718778610229,24.6239448387397423800848628161475062370300,15.5724929313528264174237847328186035156250,15.5724929313528264174237847328186035156250,24.0437372121899990418114612111821770668030
38.60000,30.5120931634455097025693248724564909934998,24.4590552119371835715355700813233852386475,15.5051512555513344437940759235061705112457,15.5051512555513344437940759235061705112457,23.9608458642800243865167431067675352096558
38.70000,30.4589161737314313427305023651570081710815,24.2958993527997009209684620145708322525024,15.4389568444970564087270759046077728271484,15.4389568444970564087270759046077728271484,23.8769018375370158935311337700113654136658
38.80000,30.4059071462114864914383360883221030235291,24.1342647335509923323115799576044082641602,15.3743433016859771811368773342110216617584,15.3743433016859771811368773342110216617584,23.7914852763905209087624825770035386085510
38.90000,30.3534462973804295415902743116021156311035,23.9728888989825428268432006007060408592224,15.3112055862557472352136755944229662418365,15.3112055862557472352136755944229662418365,23.7039240238514778980061237234622240066528
39.00000,30.3016210013223883379396283999085426330566,23.8103712406229597320361790480092167854309,15.2491299788576970541953414794988930225372,15.2491299788576970541953414794988930225372,23.6137322842299539615851244889199733734131
39.10000,30.2502548098425556588608742458745837211609,23.6460039996076147872372530400753021240234,15.1876156435691473944871177081950008869171,15.1876156435691473944871177081950008869171,23.5210275223118756571238918695598840713501
39.20000,30.1989741797702961889626749325543642044067,23.4800340918353320773803716292604804039001,15.1261828337057799842568783788010478019714,15.1261828337057799842568783788010478019714,23.4266426041940682978292898042127490043640
39.30000,30.1473022660663829697114124428480863571167,23.3132606184783668368254438973963260650635,15.0643631300642351078522551688365638256073,15.0643631300642351078522551688365638256073,23.3318366244162795908323460025712847709656
39.40000,30.0947645871548097318282088963314890861511,23.1463118031130967722219793358817696571350,15.0016648216989008091104551567696034908295,15.0016648216989008091104551567696034908295,23.2377467468701084385429567191749811172485
39.50000,30.0409897404504064866159751545637845993042,22.9791608610812438939774438040331006050110,14.9376315361451066365816586767323315143585,14.9376315361451066365816586767323315143585,23.1448875292414406601437804056331515312195
39.60000,29.9857900571889146590365271549671888351440,22.8112989042087548341442015953361988067627,14.8720406634444461957400562823750078678131,14.8720406634444461957400562823750078678131,23.0530076345087771017006161855533719062805
39.70000,29.9292114014173940006457996787503361701965,22.6425354584299540761094249319285154342651,14.8051658156738863425516683491878211498260,14.8051658156738863425516683491878211498260,22.9614152284995718389382091118022799491882
39.80000,29.8715467565546610728688392555341124534607,22.4739096720783528837728226790204644203186,14.7379416467309187765977185335941612720490,14.7379416467309187765977185335941612720490,22.8695731351711764034462248673662543296814
39.90000,29.8133133513145338611138868145644664764404,22.3080199051148078126516338670626282691956,14.6718870013212576708383494406007230281830,14.6718870013212576708383494406007230281830,22.7775592537868263320888218004256486892700
