0.00000,2.0000179259115222762943631096277385950089,4.0000537777345668288830893288832157850266,2.0000358518230441084995163691928610205650,2.0000358518230441084995163691928610205650,2.0000000000000000000000000000000000000000
0.10000,2.0000060213424659671943572902819141745567,4.0000180640273974574938620207831263542175,2.0000120426849314902995047305012121796608,2.0000120426849314902995047305012121796608,2.0000000000000000000000000000000000000000
0.20000,2.0002536860342559066339163109660148620605,4.0007610581027668317233292327728122472763,2.0005073720685113691786227718694135546684,2.0005073720685113691786227718694135546684,2.0000000000000000000000000000000000000000
0.30000,2.0023968344936342589335254160687327384949,4.0071905034809036649789959483314305543900,2.0047936689872689619562606822000816464424,2.0047936689872689619562606822000816464424,2.0000000000000000000000000000000000000000
0.40000,2.0104878178644791653084666904760524630547,4.0314634535934370518361902213655412197113,2.0209756357289578865277235308894887566566,2.0209756357289578865277235308894887566566,2.0000000000000000000000000000000000000000
0.50000,2.0307933437092904327414544241037219762802,4.0923800311278712982243632723111659288406,2.0615866874185808654829088482074439525604,2.0615866874185808654829088482074439525604,2.0000000000000000000000000000000000000000
0.60000,2.0701555600886427654927501862403005361557,4.2104666802659291846566702588461339473724,2.1403111201772859750747102225432172417641,2.1403111201772859750747102225432172417641,2.0000000000000000000000000000000000000000
0.70000,2.1337755178490520613365788449300453066826,4.4013265535471566280989463848527520895004,2.2675510356981045667623675399227067828178,2.2675510356981045667623675399227067828178,2.0000000000000000000000000000000000000000
0.80000,2.2234761945411367634051202912814915180206,4.6704285836234094020369411737192422151566,2.4469523890822730827210307325003668665886,2.4469523890822730827210307325003668665886,2.0000000000000000000000000000000000000000
0.90000,2.3370925218503613152165598876308649778366,5.0112775655510848338280993630178272724152,2.6741850437007230745223296253243461251259,2.6741850437007230745223296253243461251259,2.0000000000000000000000000000000000000000
1.00000,2.4690295886102737732414880156284198164940,5.4070887658308208756352541968226432800293,2.9380591772205475464829760312568396329880,2.9380591772205475464829760312568396329880,2.0000000000000000000000000000000000000000
1.10000,2.6116017347008231297422753414139151573181,5.8348052041024693892268260242417454719543,3.2232034694016467035737605328904464840889,3.2232034694016467035737605328904464840889,2.0000000000000000000000000000000000000000
1.20000,2.7566341281598818468978606688324362039566,6.2699023844796455406935820064973086118698,3.5132682563197636937957213376648724079132,3.5132682563197636937957213376648724079132,2.0000000000000000000000000000000000000000
1.30000,2.8968968340394973814966306235874071717262,6.6906905021184925885791017208248376846313,3.7937936680789952070824710972374305129051,3.7937936680789952070824710972374305129051,2.0000000000000000000000000000000000000000
1.40000,3.0271178279866108873363828024594113230705,7.0813534839598331060983582574408501386642,4.0542356559732217746727656049188226461411,4.0542356559732217746727656049188226461411,2.0000000000000000000000000000000000000000
1.50000,3.1444881229300167824192158150253817439079,7.4334643687900507913468572951387614011765,4.2889762458600335648384316300507634878159,4.2889762458600335648384316300507634878159,2.0000000000000000000000000000000000000000
1.60000,3.2486848249803079724529197847004979848862,7.7460544749409239173587593541014939546585,4.4973696499606159449058395694009959697723,4.4973696499606159449058395694009959697723,2.0000000000000000000000000000000000000000
1.70000,3.3414953725601610479145620047347620129585,8.0244861176804835878328958642669022083282,4.6829907451203220958291240094695240259171,4.6829907451203220958291240094695240259171,2.0000000000000000000000000000000000000000
1.80000,3.4261519120406118688038077380042523145676,8.2784557361218364945898429141379892826080,4.8523038240812237376076154760085046291351,4.8523038240812237376076154760085046291351,2.0000000000000000000000000000000000000000
1.90000,3.5065041918106572005342513875802978873253,8.5195125754319711575135443126782774925232,5.0130083836213144010685027751605957746506,5.0130083836213144010685027751605957746506,2.0000000000000000000000000000000000000000
2.00000,3.5861801091972407284913515468360856175423,8.7585403275917226295632644905708730220795,5.1723602183944814569827030936721712350845,5.1723602183944814569827030936721712350845,2.0000000000000000000000000000000000000000
2.10000,3.6678906114123406290161710785469040274620,9.0036718342370214429593033855780959129333,5.3357812228246812580323421570938080549240,5.3357812228246812580323421570938080549240,2.0000000000000000000000000000000000000000
2.20000,3.7530093153985726317500848381314426660538,9.2590279461957187834286742145195603370667,5.5060186307971452635001696762628853321075,5.5060186307971452635001696762628853321075,2.0000000000000000000000000000000000000000
2.30000,3.8414921087859235093731058441335335373878,9.5244763263577691958516879822127521038055,5.6829842175718470187462116882670670747757,5.6829842175718470187462116882670670747757,2.0000000000000000000000000000000000000000
2.40000,3.9321170148175985659122488868888467550278,9.7963510444527965859151663607917726039886,5.8642340296351971318244977737776935100555,5.8642340296351971318244977737776935100555,2.0000000000000000000000000000000000000000
2.50000,4.0229504727879694669923082983586937189102,10.0688514183639092891553445952013134956360,6.0459009455759398221630362968426197767258,6.0459009455759398221630362968426197767258,2.0000000000000000000000000000000000000000
2.60000,4.1119064283529676018247300817165523767471,10.3357192850589019172957705450244247913361,6.2238128567059343154710404633078724145889,6.2238128567059343154710404633078724145889,2.0000000000000000000000000000000000000000
2.70000,4.1972649032909323807416512863710522651672,10.5917947098727989185817932593636214733124,6.3945298065818656496617222728673368692398,6.3945298065818656496617222728673368692398,2.0000000000000000000000000000000000000000
2.80000,4.2780471266753874459709550137631595134735,10.8341413800261623379128650412894785404205,6.5560942533507748919419100275263190269470,6.5560942533507748919419100275263190269470,2.0000000000000000000000000000000000000000
2.90000,4.3541890265239153734455612720921635627747,11.0625670795717461203366838162764906883240,6.7083780530478307468911225441843271255493,6.7083780530478307468911225441843271255493,2.0000000000000000000000000000000000000000
3.00000,4.4265009953091105643352420884184539318085,11.2795029859273334693625656655058264732361,6.8530019906182220168489038769621402025223,6.8530019906182220168489038769621402025223,2.0000000000000000000000000000000000000000
3.10000,4.4964426825748509131130958849098533391953,11.4893280477245536275177073548547923564911,6.9928853651497027144046114699449390172958,6.9928853651497027144046114699449390172958,2.0000000000000000000000000000000000000000
3.20000,4.5657743778417891888921076315455138683319,11.6973231335253693430331622948870062828064,7.1315487556835792659626349632162600755692,7.1315487556835792659626349632162600755692,2.0000000000000000000000000000000000000000
3.30000,4.6361682264281540710726403631269931793213,11.9085046792844622132179210893809795379639,7.2723364528563081421452807262539863586426,7.2723364528563081421452807262539863586426,2.0000000000000000000000000000000000000000
3.40000,4.7088680711295713976483057194855064153671,12.1266042133887150811233368585817515850067,7.4177361422591427952966114389710128307343,7.4177361422591427952966114389710128307343,2.0000000000000000000000000000000000000000
3.50000,4.7844721767593929584450052061583846807480,12.3534165302781779871565959183499217033386,7.5689443535187859168900104123167693614960,7.5689443535187859168900104123167693614960,2.0000000000000000000000000000000000000000
3.60000,4.8628801737653528647342682234011590480804,12.5886405212960568178459652699530124664307,7.7257603475307048412901167466770857572556,7.7257603475307048412901167466770857572556,2.0000000000000000000000000000000000000000
3.70000,4.9434031930369970453398309473413974046707,12.8302095791109902478410731418989598751068,7.8868063860739932025012421945575624704361,7.8868063860739932025012421945575624704361,2.0000000000000000000000000000000000000000
3.80000,5.0249971481898603187232765776570886373520,13.0749914445695765152777312323451042175293,8.0499942963797188610897137550637125968933,8.0499942963797188610897137550637125968933,2.0000000000000000000000000000000000000000
3.90000,5.1065542229261025042319488420616835355759,13.3196626687782888609490328235551714897156,8.2131084458521961266797006828710436820984,8.2131084458521961266797006828710436820984,2.0000000000000000000000000000000000000000
4.00000,5.1871814095347064110796964087057858705521,13.5615442286040455144302541157230734825134,8.3743628190693755186657654121518135070801,8.3743628190693755186657654121518135070801,2.0000000000000000000000000000000000000000
4.10000,5.2664055231202615559027435665484517812729,13.7992165693605102205765433609485626220703,8.5328110462403845559720139135606586933136,8.5328110462403845559720139135606586933136,2.0000000000000000000000000000000000000000
4.20000,5.3442658668851947822986403480172157287598,14.0327976006546002452068933052942156791687,8.6885317337698975137527668266557157039642,8.6885317337698975137527668266557157039642,2.0000000000000000000000000000000000000000
4.30000,5.4212825268420665736357477726414799690247,14.2638475805227873394187554367817938327789,8.8425650536824278447056713048368692398071,8.8425650536824278447056713048368692398071,2.0000000000000000000000000000000000000000
4.40000,5.4983151357443178497419467021245509386063,14.4949454072215626609931860002689063549042,8.9966302714829406994567762012593448162079,8.9966302714829406994567762012593448162079,2.0000000000000000000000000000000000000000
4.50000,5.5763497393461021189864368352573364973068,14.7290492180016681089682606398127973079681,9.1526994786738846698881388874724507331848,9.1526994786738846698881388874724507331848,2.0000000000000000000000000000000000000000
4.60000,5.6562660757734279926012277428526431322098,14.9687982272067507949486753204837441444397,9.3125321514900907260425810818560421466827,9.3125321514900907260425810818560421466827,2.0000000000000000000000000000000000000000
4.70000,5.7386404877347079178662170306779444217682,15.2159214628648769007668306585401296615601,9.4772809752997915211381041444838047027588,9.4772809752997915211381041444838047027588,2.0000000000000000000000000000000000000000
4.80000,5.8236292831526661473162675974890589714050,15.4708878484791547691656887764111161231995,9.6472585658159104582409781869500875473022,9.6472585658159104582409781869500875473022,2.0000000000000000000000000000000000000000
4.90000,5.9109559079639941714390261040534824132919,15.7328677211604386343424266669899225234985,9.8219118145622168469799362355843186378479,9.8219118145622168469799362355843186378479,2.0000000000000000000000000000000000000000
5.00000,5.9999988050705415076890858472324907779694,15.9999964078292276070669686305336654186249,9.9999976064498845573780272388830780982971,9.9999976064498845573780272388830780982971,2.0000000000000004440892098500626161694527
5.10000,6.0899528649434335747514523973222821950912,16.2698585754890814314421731978654861450195,10.1799057202162561708291832474060356616974,10.1799057202162561708291832474060356616974,2.0000000000000013322676295501878485083580
5.20000,6.1800220606998781391894226544536650180817,16.5400661329627070017522783018648624420166,10.3600440968312899059355913777835667133331,10.3600440968312899059355913777835667133331,2.0000000000000075495165674510644748806953
5.30000,6.2695969690543211783051447127945721149445,16.8087907861436285372747079236432909965515,10.5391938775989562060431126155890524387360,10.5391938775989562060431126155890524387360,2.0000000000000377475828372553223744034767
5.40000,6.3583777224951978368494565074797719717026,17.0751328787342018244999053422361612319946,10.7167553006146096805650813621468842029572,10.7167553006146096805650813621468842029572,2.0000000000001811883976188255473971366882
5.50000,6.4464176334701770443302848434541374444962,17.3392522335422754053979588206857442855835,10.8928349335058172187018499244004487991333,10.8928349335058172187018499244004487991333,2.0000000000008197886813832155894488096237
5.60000,6.5340815995058765253133969963528215885162,17.6022433089354599644593690754845738410950,11.0681624542189140925074752885848283767700,11.0681624542189140925074752885848283767700,2.0000000000035091929362351947929710149765
5.70000,6.6219326847110124845130485482513904571533,17.8657948376362654130389273632317781448364,11.2438637611665335214183869538828730583191,11.2438637611665335214183869538828730583191,2.0000000000142086342691527534043416380882
5.80000,6.7105762525383259031741545186378061771393,18.1317220441369002514875319320708513259888,11.4211491483103753097338994848541915416718,11.4211491483103753097338994848541915416718,2.0000000000544733147478382306871935725212
5.90000,6.8005001977178736183304863516241312026978,18.4014870452641865483656147262081503868103,11.6009936213920852310366171877831220626831,11.6009936213920852310366171877831220626831,2.0000000001978914809797061025165021419525
6.00000,6.8919497338080697446116573701146990060806,18.6758227535081999803878716193139553070068,11.7838862433174771382482504122890532016754,11.7838862433174771382482504122890532016754,2.0000000006813163366814478649757802486420
6.10000,6.9848655692830785568503415561281144618988,18.9545467272344403397710266290232539176941,11.9697061471479848648868937743827700614929,11.9697061471479848648868937743827700614929,2.0000000022215496109367904864484444260597
6.20000,7.0788976629319932953876559622585773468018,19.2366014973593308923227596096694469451904,12.1577495767209704524702829075977206230164,12.1577495767209704524702829075977206230164,2.0000000068493823945914300566073507070541
6.30000,7.1734877495826614435259216406848281621933,19.5203009484815765972598455846309661865234,12.3468943390715786279088206356391310691833,12.3468943390715786279088206356391310691833,2.0000000199210794527004964038496837019920
6.40000,7.2679976239804586768400440632831305265427,19.8037138296381733937323588179424405097961,12.5358556995545349366238951915875077247620,12.5358556995545349366238951915875077247620,2.0000000545095608650569829478627070784569
6.50000,7.3618506491677431213815907540265470743179,20.0850870839268544898459367686882615089417,12.7234687965568369349966815207153558731079,12.7234687965568369349966815207153558731079,2.0000001399809215207881152309710159897804
6.60000,7.4546527490556933059906441485509276390076,20.3632082949017139128500275546684861183167,12.9089303535645250065044820075854659080505,12.9089303535645250065044820075854659080505,2.0000003368283558735640781378606334328651
6.70000,7.5462656841836199816953012486919760704041,20.6376263692818362471825821558013558387756,13.0919456471196387070676792063750326633453,13.0919456471196387070676792063750326633453,2.0000007592261801470101545419311150908470
6.80000,7.6368176079549430212978222698438912630081,20.9086862240482211916514643235132098197937,13.2727511134798348280128266196697950363159,13.2727511134798348280128266196697950363159,2.0000016050434945569236333540175110101700
6.90000,7.7266508797894744020595680922269821166992,21.1773779363674705678022291976958513259888,13.4520128127851563704098225571215152740479,13.4520128127851563704098225571215152740479,2.0000031905866295645068930753041058778763
7.00000,7.8162216756231668313148475135676562786102,21.4450438224970518774625816149637103080750,13.6306297567922154456709904479794204235077,13.6306297567922154456709904479794204235077,2.0000059845357882615246580826351419091225
7.10000,7.9059769224617246763386901875492185354233,21.7130186971148724239810690050944685935974,13.8094924940184604622572805965319275856018,13.8094924940184604622572805965319275856018,2.0000106315396739553591487492667511105537
7.20000,7.9962388860511923738272344053257256746292,21.9822914404622657968957355478778481483459,13.9892561893340801049134825007058680057526,13.9892561893340801049134825007058680057526,2.0000179478453006254312640521675348281860
7.30000,8.0871250590541041702863367390818893909454,22.2532664290145696384115581167861819267273,14.1701813157755740490983953350223600864410,14.1701813157755740490983953350223600864410,2.0000288565175279309471534361364319920540
7.40000,8.1785214685875757822941523045301437377930,22.5256737809208118505921447649598121643066,14.3520755172166154522983561037108302116394,14.3520755172166154522983561037108302116394,2.0000442150751580605572144122561439871788
7.50000,8.2701137404754749837820781976915895938873,22.7986360371247691603002749616280198097229,14.5343426354940064015863754320889711380005,14.5343426354940064015863754320889711380005,2.0000645066122295645527628948912024497986
7.60000,8.3614659925936631879039850900880992412567,23.0708577939454286820364359300583600997925,14.7161171572866056322936856304295361042023,14.7161171572866056322936856304295361042023,2.0000894719658792730854202090995386242867
7.70000,8.4521265727534018452615782734937965869904,23.3408759596181312190310563892126083374023,14.8964422930363937780384731013327836990356,14.8964422930363937780384731013327836990356,2.0001179462987468404833180102286860346794
7.80000,8.5417343079233329916633010725490748882294,23.6073000322418558027948165545240044593811,15.0744430524495243162164115346968173980713,15.0744430524495243162164115346968173980713,2.0001482352661406061145044077420607209206
7.90000,8.6301000855695892965968596399761736392975,23.8689856108599798290015314705669879913330,15.2494532942019827004287435556761920452118,15.2494532942019827004287435556761920452118,2.0001791080256010602056448988150805234909
8.00000,8.7172454604816209666751092299818992614746,24.1251143666297629408745706314221024513245,15.4210743697802232787807952263392508029938,15.4210743697802232787807952263392508029938,2.0002110875509382381665091088507324457169
8.10000,8.8033906892350994866092150914482772350311,24.3751890937356598954011133173480629920959,15.5891660826933335926014478900469839572906,15.5891660826933335926014478900469839572906,2.0002476175840926408966424787649884819984
8.20000,8.8888966609385402506404716405086219310760,24.6189810334129290936289180535823106765747,15.7537909208142750117076502647250890731812,15.7537909208142750117076502647250890731812,2.0002958527229202090325088647659868001938
8.30000,8.9741759476704299203220216440968215465546,24.8564779983173522737160965334624052047729,15.9151435287551237252046121284365653991699,15.9151435287551237252046121284365653991699,2.0003668884775382963425727211870253086090
8.40000,9.0595951915911161478334179264493286609650,25.0878705174381977371922403108328580856323,16.0734953178888737568286160239949822425842,16.0734953178888737568286160239949822425842,2.0004750732515685918144754396053031086922
8.50000,9.1453925762175067859516275348141789436340,25.3135818708596396220400492893531918525696,16.2291693578243823026241443585604429244995,16.2291693578243823026241443585604429244995,2.0006357314283840231894373573595657944679
8.60000,9.2316297885624365449075412470847368240356,25.5343079690533123482509836321696639060974,16.3825384718299886799286468885838985443115,16.3825384718299886799286468885838985443115,2.0008608139557706451228114019613713026047
8.70000,9.3181888212361450030130072264000773429871,25.7510017729370161987390019930899143218994,16.5340186310381973555649892659857869148254,16.5340186310381973555649892659857869148254,2.0011533320967642701759814372053369879723
8.80000,9.4048126447662827587237188708968460559845,25.9647315243205198953546641860157251358032,16.6840204353766665690272930078208446502686,16.6840204353766665690272930078208446502686,2.0015032983334699601130068913334980607033
8.90000,9.4911781958296650429929286474362015724182,26.1763738363474551817944302456453442573547,16.8328316184409167988178523955866694450378,16.8328316184409167988178523955866694450378,2.0018887952952879594192836520960554480553
9.00000,9.5769828825210776557241842965595424175262,26.3861707549523210047937027411535382270813,16.9804346284000722278051398461684584617615,16.9804346284000722278051398461684584617615,2.0022843806732537608183974953135475516319
9.10000,9.6620234273329206331482055247761309146881,26.5932646375531831495209189597517251968384,17.1263064497700092658760695485398173332214,17.1263064497700092658760695485398173332214,2.0026751653460865831846149376360699534416
9.20000,9.7462485608953066673620924120768904685974,26.7953883199758173816462658578529953956604,17.2692829336581432642105937702581286430359,17.2692829336581432642105937702581286430359,2.0030710135548366324087510292883962392807
9.30000,9.8297739080301482772483723238110542297363,26.9888892431470495125722663942724466323853,17.4075741684963780642192432424053549766541,17.4075741684963780642192432424053549766541,2.0035148141844438818282014835858717560768
9.40000,9.9128566538955151798973020049743354320526,27.1691856411045264962922374252229928970337,17.5389802463659449927035893779247999191284,17.5389802463659449927035893779247999191284,2.0040818022681468058010523236589506268501
9.50000,9.9958371234534872940002969698980450630188,27.3316120221954470537184533895924687385559,17.6612893620777704484225978376343846321106,17.6612893620777704484225978376343846321106,2.0048704214933938949627645342843607068062
9.60000,10.0790620969679505236626937403343617916107,27.4724650497211335675729060312733054161072,17.7727699245282515505550691159442067146301,17.7727699245282515505550691159442067146301,2.0059872976325832105715107900323346257210
9.70000,10.1628087256488583989266771823167800903320,27.5899665493995236431601369986310601234436,17.8726225411173516022245166823267936706543,17.8726225411173516022245166823267936706543,2.0075301928136801699054103664821013808250
9.80000,10.2472273161027143117962623364292085170746,27.6848485984408974047710216837003827095032,17.9612509790367766981944441795349121093750,17.9612509790367766981944441795349121093750,2.0095739564700578760891858109971508383751
9.90000,10.3323161790274244964393801637925207614899,27.7603386844237185471229167887941002845764,18.0402452597306499626483855536207556724548,18.0402452597306499626483855536207556724548,2.0121643439898448946223652455955743789673
10.00000,10.4179335359776601421799568925052881240845,27.8214680649284247238028910942375659942627,18.1120399825073974398037535138428211212158,18.1120399825073974398037535138428211212158,2.0153216358912899863753409590572118759155
10.10000,10.5038423230856778900488279759883880615234,27.8738223961606514933464495697990059852600,18.1793071017035003933415282517671585083008,18.1793071017035003933415282517671585083008,2.0190505158393241558201225416269153356552
10.20000,10.5897759639539827958287787623703479766846,27.9220594901560481559954496333375573158264,18.2442441215697286338581761810928583145142,18.2442441215697286338581761810928583145142,2.0233472109705772368215548340231180191040
10.30000,10.6755086362207016748016030760481953620911,27.9686603313322663666440348606556653976440,18.3079879277871242493347381241619586944580,18.3079879277871242493347381241619586944580,2.0281931119787199868653715384425595402718
10.40000,10.7609131152221522143008769489824771881104,28.0133646926146262501333694672212004661560,18.3703743597533666331855783937498927116394,18.3703743597533666331855783937498927116394,2.0335290883300429776170403783908113837242
10.50000,10.8459928011282880078169910120777785778046,28.0535292836734342358795402105897665023804,18.4301516558282614255404041614383459091187,18.4301516558282614255404041614383459091187,2.0392187731452011689725623000413179397583
10.60000,10.9308810274657357552996472804807126522064,28.0853070395194990283016522880643606185913,18.4855794192175793000387784559279680252075,18.4855794192175793000387784559279680252075,2.0450292285500775157913722068769857287407
10.70000,11.0158086527100476104124027187936007976532,28.1052320447859891316966240992769598960876,18.5351903738633403406765864929184317588806,18.5351903738633403406765864929184317588806,2.0506599497693516198637553316075354814529
10.80000,11.1010484462946319439424769370816648006439,28.1116260017012322691698500420898199081421,18.5784315754079862870185024803504347801208,18.5784315754079862870185024803504347801208,2.0558112971798960799674205190967768430710
10.90000,11.1868501669392319541884717182256281375885,28.1052925927090200275415554642677307128906,18.6159480980258287274864414939656853675842,18.6159480980258287274864414939656853675842,2.0602465635965976353816131450003013014793
11.00000,11.2733822081993171337899184436537325382233,28.0892521416713769610851159086450934410095,18.6494038265661536968309519579634070396423,18.6494038265661536968309519579634070396423,2.0638266967383822603210319357458502054214
11.10000,11.3606937622592951697697571944445371627808,28.0676668341174391230197215918451547622681,18.6809141080666876177929225377738475799561,18.6809141080666876177929225377738475799561,2.0665323802433630540065223613055422902107
11.20000,11.4487061308624689104362914804369211196899,28.0444261548245954429603443713858723640442,18.7123281279936009013908915221691131591797,18.7123281279936009013908915221691131591797,2.0684760296998674355961611581733450293541
11.30000,11.5372344945834868212841683998703956604004,28.0219822988099949157003720756620168685913,18.7446680703016390623361075995489954948425,18.7446680703016390623361075995489954948425,2.0698806527902018359554858761839568614960
11.40000,11.6260340405071929126279428601264953613281,28.0009027756695800803754536900669336318970,18.7779628876160913364401494618505239486694,18.7779628876160913364401494618505239486694,2.0710110409445907642123074765549972653389
11.50000,11.7148586855253693528311487170867621898651,27.9802708953232297517388360574841499328613,18.8115249201790888378127419855445623397827,18.8115249201790888378127419855445623397827,2.0720797404904218730337106535444036126137
11.60000,11.8035180042346325990365585312247276306152,27.9586535370684181600609008455649018287659,18.8444980710630147768824826925992965698242,18.8444980710630147768824826925992965698242,2.0731753991770180967080250411527231335640
11.70000,11.8919188420921653204231915879063308238983,27.9350937996734742796434147749096155166626,18.8763818424815710272923752199858427047729,18.8763818424815710272923752199858427047729,2.0742489568024957691250165225937962532043
11.80000,11.9800821020066283750793445506133139133453,27.9096336982407713378506741719320416450500,18.9072794618657589182930678362026810646057,18.9072794618657589182930678362026810646057,2.0751568765158832086115126003278419375420
11.90000,12.0681313108289334223854893934912979602814,27.8831849395737769725656107766553759574890,18.9377921212709026121956412680447101593018,18.9377921212709026121956412680447101593018,2.0757320078609047264706077839946374297142
12.00000,12.1562563621105486078022295259870588779449,27.8569332526755850665267644217237830162048,18.9686684772902829365648358361795544624329,18.9686684772902829365648358361795544624329,2.0758526602055695775561616756021976470947
12.10000,12.2446617202894429965454037301242351531982,27.8316755264583370887976343510672450065613,19.0004200185686791257921868236735463142395,19.0004200185686791257921868236735463142395,2.0754972096104236101155038340948522090912
12.20000,12.3335119676325479787237782147713005542755,27.8074648280433507352427113801240921020508,19.0331024424225461189053021371364593505859,19.0331024424225461189053021371364593505859,2.0747719108308073643343050207477062940598
12.30000,12.4228879997283119251960670226253569126129,27.7837214244374237637202895712107419967651,19.0663613677563255066615965915843844413757,19.0663613677563255066615965915843844413757,2.0738866886530882283068422111682593822479
12.40000,12.5127643248954534271888405783101916313171,27.7596840192906455513366381637752056121826,19.0996881922002401665849902201443910598755,19.0996881922002401665849902201443910598755,2.0730719597856195335339180019218474626541
12.50000,12.6030125435288553603641048539429903030396,27.7348741061370844818156911060214042663574,19.1327015866481318084879603702574968338013,19.1327015866481318084879603702574968338013,2.0724834763696780015607146196998655796051
12.60000,12.6934295807522197208072611829265952110291,27.7092411350352954002573824254795908927917,19.1652531433582247188951441785320639610291,19.1652531433582247188951441785320639610291,2.0721644290710656832743552513420581817627
12.70000,12.7837832798535533385120288585312664508820,27.6828683292900095125332882162183523178101,19.1972842772303060598915180889889597892761,19.1972842772303060598915180889889597892761,2.0720830546829542839759596972726285457611
12.80000,12.8738639816149778027920547174289822578430,27.6554356544892350200370856327936053276062,19.2285509680663011522483429871499538421631,19.2285509680663011522483429871499538421631,2.0721976999716096301540346757974475622177
12.90000,12.9635295894289939155896718148142099380493,27.6258431391467631499381241155788302421570,19.2584410121000146887126902583986520767212,19.2584410121000146887126902583986520767212,2.0724907043757285762808351137209683656693
13.00000,13.0527334962885319669112504925578832626343,27.5923282069513575720520748291164636611938,19.2860537521295825058587070088833570480347,19.2860537521295825058587070088833570480347,2.0729541989807218627106522035319358110428
13.10000,13.1415290824844870343213187879882752895355,27.5530951191450057535803352948278188705444,19.3105343139131164775790239218622446060181,19.3105343139131164775790239218622446060181,2.0735555738032607209220259392168372869492
13.20000,13.2300502173389293858463133801706135272980,27.5071309595955710847192676737904548645020,19.3314824554775732678990607382729649543762,19.3314824554775732678990607382729649543762,2.0742162659793557111242989776656031608582
13.30000,13.3184729654530187303862476255744695663452,27.4547487687335625139439798658713698387146,19.3492048879310019060540071222931146621704,19.3492048879310019060540071222931146621704,2.0748119583245774322222132468596100807190
13.40000,13.4069681489256460338310716906562447547913,27.3975493954320938883029157295823097229004,19.3646626505635168769003939814865589141846,19.3646626505635168769003939814865589141846,2.0751922432307083887792487075785174965858
13.50000,13.4956564813274901837303332285955548286438,27.3378109573311327551436988869681954383850,19.3791195955373076742489502066746354103088,19.3791195955373076742489502066746354103088,2.0752282475840049258408726018387824296951
13.60000,13.5845771601957547858319230726920068264008,27.2776103707420602972888445947319269180298,19.3936526738967209837483096634969115257263,19.3936526738967209837483096634969115257263,2.0748821831443744478917778906179592013359
13.70000,13.6736773038512939848487803828902542591095,27.2181114800840795453495957190170884132385,19.4087672372079858007509756134822964668274,19.4087672372079858007509756134822964668274,2.0742543095194028168748445750679820775986
13.80000,13.7628243611927647549464381881989538669586,27.1593549382149248572204669471830129623413,19.4243103886292516335743130184710025787354,19.4243103886292516335743130184710025787354,2.0735585221491881213751184986904263496399
13.90000,13.8518379696511999554786598309874534606934,27.1005981421432871059096214594319462776184,19.4397033086550301561601372668519616127014,19.4397033086550301561601372668519616127014,2.0730294944844271931572166067780926823616
14.00000,13.9405331042092797133591375313699245452881,27.0409391955638866988920199219137430191040,19.4543248493086657902040315093472599983215,19.4543248493086657902040315093472599983215,2.0728226011558330554862550343386828899384
14.10000,14.0287638432137562460866320179775357246399,26.9798199795156534719353658147156238555908,19.4678060566878272652502346318215131759644,19.4678060566878272652502346318215131759644,2.0729717093537529670754793187370523810387
14.20000,14.1164571937500067377868617768399417400360,26.9171380321655817624559858813881874084473,19.4800882917750293188419163925573229789734,19.4800882917750293188419163925573229789734,2.0734186423655294184698050230508670210838
14.30000,14.2036290440016284009061564574949443340302,26.8530031060885505667101824656128883361816,19.4912776981270177145688649034127593040466,19.4912776981270177145688649034127593040466,2.0740767538361422062109795660944655537605
14.40000,14.2903787531640098507068614708259701728821,26.7874202153318954344740632222965359687805,19.5014579876866100960342009784653782844543,19.5014579876866100960342009784653782844543,2.0748829931226837608448931860039010643959
14.50000,14.3768640783777712499613699037581682205200,26.7201914429959721530849492410197854042053,19.5106169692296163020728272385895252227783,19.5106169692296163020728272385895252227783,2.0758215829145099107222449674736708402634
14.60000,14.4632628464294832326686446322128176689148,26.6511182789734633047373790759593248367310,19.5187275789262137948298914125189185142517,19.5187275789262137948298914125189185142517,2.0769259675505171713894014828838407993317
14.70000,14.5497308851679925112421187805011868476868,26.5803304962619790785538498312234878540039,19.5259005360840980358716478804126381874084,19.5259005360840980358716478804126381874084,2.0782603092617764062310925510246306657791
14.80000,14.6363664835973903421972863725386559963226,26.5084551936664212234973092563450336456299,19.5324708075222801539894135203212499618530,19.5324708075222801539894135203212499618530,2.0798800622192494813589291879907250404358
14.90000,14.7231898731107744282553539960645139217377,26.4364392524384008709148474736139178276062,19.5389161296188440530841035069897770881653,19.5389161296188440530841035069897770881653,2.0817968663114849725559452053857967257500
15.00000,14.8101423835995973377066547982394695281982,26.3650752968032158207734028110280632972717,19.5456189709275740540306287584826350212097,19.5456189709275740540306287584826350212097,2.0839797385476619417943311418639495968819
15.10000,14.8971050254013395175434197881259024143219,26.2945023956235459650088159833103418350220,19.5526130538523865709521487588062882423401,19.5526130538523865709521487588062882423401,2.0863813133201101202018890035105869174004
15.20000,14.9839315304206017742671974701806902885437,26.2240102178564882251521339640021324157715,19.5594998701297342336147266905754804611206,19.5594998701297342336147266905754804611206,2.0889420080176233085467174532823264598846
15.30000,15.0704875080149314214850164717063307762146,26.1523099284424489496814203448593616485596,19.5656241165329767284219997236505150794983,19.5656241165329767284219997236505150794983,2.0915492033914238056979684188263490796089
15.40000,15.1566861016030554054623280535452067852020,26.0781395626157639355824358062818646430969,19.5704221979183472512886510230600833892822,19.5704221979183472512886510230600833892822,2.0939812683821217298429928632685914635658
15.50000,15.2425115950562855005046003498136997222900,26.0008515081164297555460507282987236976624,19.5737382550182132945337798446416854858398,19.5737382550182132945337798446416854858398,2.0958865931362895551615110889542847871780
15.60000,15.3280254877081709707908885320648550987244,25.9206486320935098888185166288167238235474,19.5759268296292070488107128767296671867371,19.5759268296292070488107128767296671867371,2.0968204605432689824340286577353253960609
15.70000,15.4133538653585517863575660157948732376099,25.8383754632948914320422773016616702079773,19.5777037913443869854290824150666594505310,19.5777037913443869854290824150666594505310,2.0963217459646670270956292370101436972618
15.80000,15.4986594124052050602813324076123535633087,25.7550495996104444884622353129088878631592,19.5798564150651692727933550486341118812561,19.5798564150651692727933550486341118812561,2.0939961818853127795136970235034823417664
15.90000,15.5841050665053337809240474598482251167297,25.6714440387072500016074627637863159179688,19.5829822898967478295162436552345752716064,19.5829822898967478295162436552345752716064,2.0895845254190907880342820135410875082016
16.00000,15.6698182373722723070841311709955334663391,25.5879408544149420379199000308290123939514,19.5873785242239293324928439687937498092651,19.5873785242239293324928439687937498092651,2.0830020433393521273046644637361168861389
16.10000,15.7558642329233808965227581211365759372711,25.5046586164266955165658146142959594726562,19.5930937682085826168076891917735338211060,19.5930937682085826168076891917735338211060,2.0743353129329111794731943518854677677155
16.20000,15.8422351425287875059666475863195955753326,25.4216702424099807444690668489784002304077,19.6000515031746651573030248982831835746765,19.6000515031746651573030248982831835746765,2.0638023785894357153836153884185478091240
16.30000,15.9288565410746567607702672830782830715179,25.3390955417663192861255083698779344558716,19.6081186639985496356075600488111376762390,19.6081186639985496356075600488111376762390,2.0517147548438772197698654053965583443642
16.40000,16.0156099955045760907523799687623977661133,25.2569787452304232999722444219514727592468,19.6170609420401262923405738547444343566895,19.6170609420401262923405738547444343566895,2.0384668566547508028463653317885473370552
16.50000,16.1023655729239862921531312167644500732422,25.1750596190031643573092878796160221099854,19.6264480773940164226587512530386447906494,19.6264480773940164226587512530386447906494,2.0245290371391222450370150909293442964554
16.60000,16.1890162694223107564539532177150249481201,25.0926732027747512177029420854523777961731,19.6356414662076552701819309731945395469666,19.6356414662076552701819309731945395469666,2.0104065397817532101498727570287883281708
16.70000,16.2755059979913667689288558904081583023071,25.0089463805594576228941150475293397903442,19.6439440370670546087694674497470259666443,19.6439440370670546087694674497470259666443,1.9965643044167182829085049888817593455315
16.80000,16.3618444941771166156740946462377905845642,24.9232317566161150068637653021141886711121,19.6508595305089563964884291635826230049133,19.6508595305089563964884291635826230049133,1.9833571897753192736502114712493494153023
16.90000,16.4481057614636760888515709666535258293152,24.8355217957828955377408419735729694366455,19.6563074723187440895344479940831661224365,19.6563074723187440895344479940831661224365,1.9710126126090805609436529266531579196453
17.00000,16.5344106905334484736158628948032855987549,24.7465858675316319192916125757619738578796,19.6606541179988525414046307560056447982788,19.6606541179988525414046307560056447982788,1.9596883220673735337413745583035051822662
17.10000,16.6208982939674889678371982881799340248108,24.6577566912380135022431204561144113540649,19.6645333510278668143200775375589728355408,19.6645333510278668143200775375589728355408,1.9495882831497690634847685942077077925205
17.20000,16.7076926944686583453858474968001246452332,24.5705136894779165857016778318211436271667,19.6685571023083056729774398263543844223022,19.6685571023083056729774398263543844223022,1.9410921793299658055786949262255802750587
17.30000,16.7948739410214997747061715926975011825562,24.4861230527868762862908624811097979545593,19.6730734508620557221547642257064580917358,19.6730734508620557221547642257064580917358,1.9348500920842648387321105474256910383701
17.40000,16.8824596800955788467035745270550251007080,24.4055313172802001986383402254432439804077,19.6780948511085291841027355985715985298157,19.6780948511085291841027355985715985298157,1.9318012951587222314486780305742286145687
17.50000,16.9704019526044760368677088990807533264160,24.3295064606632038817224383819848299026489,19.6834091308954164389888319419696927070618,19.6834091308954164389888319419696927070618,1.9330901514768508153707671226584352552891
17.60000,17.0585996303836537890674662776291370391846,24.2588205737273341355830780230462551116943,19.6887692696239398060242820065468549728394,19.6887692696239398060242820065468549728394,1.9398816648631087566911901376442983746529
17.70000,17.1469231993443216310879506636410951614380,24.1942311396004292589623219100758433341980,19.6940212820828222106683824677020311355591,19.6940212820828222106683824677020311355591,1.9531117747791060246242977882502600550652
17.80000,17.2352456756548981786636431934311985969543,24.1361803909289847069885581731796264648438,19.6991039779916476959442661609500646591187,19.6991039779916476959442661609500646591187,1.9732181106005870496744591946480795741081
17.90000,17.3234720879731369791443285066634416580200,24.0843689505703011377590883057564496994019,19.7039742083896065594217361649498343467712,19.7039742083896065594217361649498343467712,1.9998926217642236657923149323323741555214
18.00000,17.4115604501063749864897545194253325462341,24.0374866988990163463313365355134010314941,19.7085711594789927403326146304607391357422,19.7085711594789927403326146304607391357422,2.0319048300474036317098125437041744589806
18.10000,17.4995293194726215801892976742237806320190,23.9933044769458518885585363022983074188232,19.7128856210790637248919665580615401268005,19.7128856210790637248919665580615401268005,2.0670625542603477953207402606494724750519
18.20000,17.5874503416709835335041134385392069816589,23.9491108412838755725715600419789552688599,19.7170925752116659168677870184183120727539,19.7170925752116659168677870184183120727539,2.1023760325315277164293092937441542744637
18.30000,17.6754278255252152973753254627808928489685,23.9022880064804397193256590981036424636841,19.7216333043920037937368761049583554267883,19.7216333043920037937368761049583554267883,2.1344492232216487614948619011556729674339
18.40000,17.7635705071674756538868678035214543342590,23.8507880076562166493658878607675433158875,19.7271549091004132492344069760292768478394,19.7271549091004132492344069760292768478394,2.1600486966228649166055220121052116155624
18.50000,17.8519624978436866058473242446780204772949,23.7933832567209755382009461754932999610901,19.7343083162818295761553599731996655464172,19.7343083162818295761553599731996655464172,2.1767291220010052121835997240850701928139
18.60000,17.9406405227238359145758295198902487754822,23.7297148946072553599151433445513248443604,19.7435016935137817029044526861980557441711,19.7435016935137817029044526861980557441711,2.1833520303035238718791788414819166064262
18.70000,18.0295829266767242415880900807678699493408,23.6602506860565924284856009762734174728394,19.7547442317501378283850499428808689117432,19.7547442317501378283850499428808689117432,2.1803451492330450101064798218430951237679
18.80000,18.1187129682722840584574441891163587570190,23.5862585605608217065309872850775718688965,19.7676658509064431257229443872347474098206,19.7676658509064431257229443872347474098206,2.1696398270202146285612343490356579422951
18.90000,18.2079153985229851286931079812347888946533,23.5098024198263715334178414195775985717773,19.7816840716695097057709062937647104263306,19.7816840716695097057709062937647104263306,2.1543496750103376946583466633455827832222
19.00000,18.2970621083439866083608649205416440963745,23.4336188657247816991002764552831649780273,19.7961929750574832098664046498015522956848,19.7961929750574832098664046498015522956848,2.1382950239538041081743813265347853302956
19.10000,18.3860405064553553700079646660014986991882,23.3606920502594057609258015872910618782043,19.8106514861225271317834994988515973091125,19.8106514861225271317834994988515973091125,2.1254295844697113082588657562155276536942
19.20000,18.4747777414693921116395358694717288017273,23.2935441738055963867282116552814841270447,19.8245452543608955409126792801544070243835,19.8245452543608955409126792801544070243835,2.1192314065531956401855495641939342021942
19.30000,18.5632549989113968536003085318952798843384,23.2335599793345046748527238378301262855530,19.8373011902989695443011441966518759727478,19.8373011902989695443011441966518759727478,2.1222125976479637721183735266095027327538
19.40000,18.6515085844219470345706213265657424926758,23.1807442529520706386847450630739331245422,19.8482599607200889124669629381969571113586,19.8482599607200889124669629381969571113586,2.1357329159338438451243291638093069195747
19.50000,18.7396177386612130533194431336596608161926,23.1340544367348890375524206319823861122131,19.8567476500041095732740359380841255187988,19.8567476500041095732740359380841255187988,2.1601768753878838325022115895990282297134
19.60000,18.8276823405195052885119366692379117012024,23.0920781867464732783901126822456717491150,19.8621967174535711819771677255630493164062,19.8621967174535711819771677255630493164062,2.1953670923588388674829730007331818342209
19.70000,18.9157960725570006843554438091814517974854,23.0536498167971473094439716078341007232666,19.8642244056812735664152569370344281196594,19.8642244056812735664152569370344281196594,2.2409970779916039695933704933850094676018
19.80000,19.0040216613941304046875302447006106376648,23.0181168302160408245526923565194010734558,19.8626101598474313902897847583517432212830,19.8626101598474313902897847583517432212830,2.2969181719153066723038136842660605907440
19.90000,19.0923742153215698635904118418693542480469,22.9852313780981525326296832645311951637268,19.8571919170265083209869771962985396385193,19.8571919170265083209869771962985396385193,2.3632217593667101951382392144296318292618
20.00000,19.1808166180101586917317035840824246406555,22.9548496244914872477238532155752182006836,19.8477693875038987414427538169547915458679,19.8477693875038987414427538169547915458679,2.4401274674938480124808393156854435801506
20.10000,19.2692679298576479141047457233071327209473,22.9266668359194092374764295527711510658264,19.8341092891481700632994034094735980033875,19.8341092891481700632994034094735980033875,2.5277161874807174690715783071937039494514
20.20000,19.3576225586320056493150332244113087654114,22.9001140430847414108939119614660739898682,19.8160773069172861937659035902470350265503,19.8160773069172861937659035902470350265503,2.6255819878821728963202986051328480243683
20.30000,19.4457753782816560317314724670723080635071,22.8743988813105900703703809995204210281372,19.7938226735798679101208108477294445037842,19.7938226735798679101208108477294445037842,2.7325289124325107259494416211964562535286
20.40000,19.5336466138951543314306036336347460746765,22.8486024940166672081431897822767496109009,19.7678953508554080542580777546390891075134,19.7678953508554080542580777546390891075134,2.8464584062010023224331689561950042843819
20.50000,19.6212004689160615100718132453039288520813,22.8217720595471504907436610665172338485718,19.7392216319530113821656414074823260307312,19.7392216319530113821656414074823260307312,2.9645292645571856837705126963555812835693
20.60000,19.7084530743699026800186402397230267524719,22.7930061056151807008518517250195145606995,19.7089604599727046263524243840947747230530,19.7089604599727046263524243840947747230530,3.0835382600396741281656431965529918670654
20.70000,19.7954679800499881991981965256854891777039,22.7615638260744113097189256222918629646301,19.6783298295849675696445046924054622650146,19.6783298295849675696445046924054622650146,3.2003721469544670341633718635421246290207
20.80000,19.8823404423804568352807109476998448371887,22.7270276491300506904735811986029148101807,19.6484828738214716281618166249245405197144,19.6484828738214716281618166249245405197144,3.3124023438675642694306588964536786079407
20.90000,19.9691744639799395599766285158693790435791,22.6894885927025562466496921842917799949646,19.6204467184031443593994481489062309265137,19.6204467184031443593994481489062309265137,3.4177696198762048673813751520356163382530
21.00000,20.0560582553527630977896478725597262382507,22.6496343499011878463988978182896971702576,19.5950753921523883605004812125116586685181,19.5950753921523883605004812125116586685181,3.5155418209491706704739044653251767158508
21.10000,20.1430441043867034522918402217328548431396,22.6086060217658406656937586376443505287170,19.5729586398280019921003258787095546722412,19.5729586398280019921003258787095546722412,3.6057328464965401337849471019580960273743
21.20000,20.2301374838825864799218834377825260162354,22.5676184836218283180642174556851387023926,19.5542754395078972606825118418782949447632,19.5542754395078972606825118418782949447632,3.6892050884886216088887067598989233374596
21.30000,20.3172979004736333763503353111445903778076,22.5275237472808704808358015725389122962952,19.5386508850062057263130554929375648498535,19.5386508850062057263130554929375648498535,3.7675198777420892959355569473700597882271
21.40000,20.4044510831157417385384178487583994865417,22.4885584892581817939571919851005077362061,19.5251134379071018543072568718343973159790,19.5251134379071018543072568718343973159790,3.8427826965597220443271453405031934380531
21.50000,20.4915093539879507034129346720874309539795,22.4503829642370824615227320464327931404114,19.5122143064259745415256475098431110382080,19.5122143064259745415256475098431110382080,3.9174637053730840818843716988340020179749
21.60000,20.5783950905148884658046881668269634246826,22.4123032890364477509592688875272870063782,19.4982780107686011206169496290385723114014,19.4982780107686011206169496290385723114014,3.9941423580141335314408479462144896388054
21.70000,20.6650615230650771536602405831217765808105,22.3734603279205721548805740894749760627747,19.4816760515824327626432932447642087936401,19.4816760515824327626432932447642087936401,4.0751697478207837832542281830683350563049
21.80000,20.7515058477544371839940140489488840103149,22.3328489474460454289328481536358594894409,19.4610171393374109527485416037961840629578,19.4610171393374109527485416037961840629578,4.1623205165256607074297789949923753738403
21.90000,20.8377715631156448239380551967769861221313,22.2892165578074745724279637215659022331238,19.4352205134423776655694382498040795326233,19.4352205134423776655694382498040795326233,4.2565470940383614006918833183590322732925
22.00000,20.9239395847212144019522384041920304298401,22.2410183818693276691647042753174901008606,19.4035175815843210500588611466810107231140,19.4035175815843210500588611466810107231140,4.3579228034219008591776400862727314233780
22.10000,21.0101104142441421629428077721968293190002,22.1865809950803658523454942042008042335510,19.3654508829749012477350333938375115394592,19.3654508829749012477350333938375115394592,4.4657896433747028552829760883469134569168
22.20000,21.0963817846140102574281627312302589416504,22.1244813840139293859010649612173438072205,19.3209018750100405270586634287610650062561,19.3209018750100405270586634287610650062561,4.5790594186078568128550614346750080585480
22.30000,21.1828272535356845196474750991910696029663,22.0539956863856900781684089452028274536133,19.2701221794108157325808861060068011283875,19.2701221794108157325808861060068011283875,4.6965785810997440208325315325055271387100
22.40000,21.2694809216035807253319944720715284347534,21.9753982725056182800926762865856289863586,19.2137145064616383649536146549507975578308,19.2137145064616383649536146549507975578308,4.8174501811859249400527005491312593221664
22.50000,21.3563318906827994680952542694285511970520,21.8899365248145194584594719344750046730042,19.1525300970280376589016668731346726417542,19.1525300970280376589016668731346726417542,4.9412082214412418323945530573837459087372
22.60000,21.4433296524475167643686290830373764038086,21.7994632891503101745911408215761184692383,19.0875053971324710744283947860822081565857,19.0875053971324710744283947860822081565857,5.0677821473328803492108818318229168653488
22.70000,21.5303989180783688084375171456485986709595,21.7059041843915672131970495684072375297546,19.0195104776758228126709582284092903137207,19.0195104776758228126709582284092903137207,5.1972821471182939490063290577381849288940
22.80000,21.6174601308939955401910992804914712905884,21.6108301347001017234106257092207670211792,18.9492812607730662932681298116222023963928,18.9492812607730662932681298116222023963928,5.3297277440479646770654653664678335189819
22.90000,21.7044505876913937925110076321288943290710,21.5153063789763123736520356032997369766235,18.8774502995851811704142164671793580055237,18.8774502995851811704142164671793580055237,5.4648563674973393844425118004437536001205
23.00000,21.7913410274482366446591186104342341423035,21.4199826072402856880216859281063079833984,18.8046211959001396962776198051869869232178,18.8046211959001396962776198051869869232178,5.6020812428882438283039846282918006181717
23.10000,21.8781437171016008846891054417937994003296,21.3252605107875297107966616749763488769531,18.7314073219834185124454961623996496200562,18.7314073219834185124454961623996496200562,5.7405895839222980114868732925970107316971
23.20000,21.9649101722632522637468355242162942886353,21.2314072931405419808470469433814287185669,18.6583942817000725256093573989346623420715,18.6583942817000725256093573989346623420715,5.8795289020036500815535873698536306619644
23.30000,22.0517191815876998362000449560582637786865,21.1385933107158336952124955132603645324707,18.5860514490322366043528745649382472038269,18.5860514490322366043528745649382472038269,6.0182095942390620990636307396925985813141
23.40000,22.1386581481712880759005201980471611022949,21.0468996090466795578777237096801400184631,18.5146560635113992532296833815053105354309,18.5146560635113992532296833815053105354309,6.1562456301951664627836180443409830331802
23.50000,22.2258023555930392944901541341096162796021,20.9563321364969610272055433597415685653687,18.4442780680622711031446669949218630790710,18.4442780680622711031446669949218630790710,6.2935783559654581154063635040074586868286
23.60000,22.3131972248982748396883835084736347198486,20.8668390890485184741010016296058893203735,18.3748252279434751699227490462362766265869,18.3748252279434751699227490462362766265869,6.4303858580598394212302082451060414314270
23.70000,22.4008478445945868884336960036307573318481,20.7783090585022556240346602862700819969177,18.3061075350075093126633873907849192619324,18.3061075350075093126633873907849192619324,6.5669418330818292162120997090823948383331
23.80000,22.4887182311245439336744311731308698654175,20.6905436049481465943244984373450279235840,18.2378762440623027885067131137475371360779,18.2378762440623027885067131137475371360779,6.7035093479480822864502442826051265001297
23.90000,22.5767403746618775528531841700896620750427,20.6032289698475175043768103932961821556091,18.1698269071486429027117992518469691276550,18.1698269071486429027117992518469691276550,6.8403155302121128045200748601928353309631
24.00000,22.6648307449401116286935575772076845169067,20.5159550153199603528264560736715793609619,18.1016003902386302115701255388557910919189,18.1016003902386302115701255388557910919189,6.9775849797828097820229231729172170162201
24.10000,22.7529101559709872049097612034529447555542,20.4283253084282883094147109659388661384583,18.0328298807534999070867343107238411903381,18.0328298807534999070867343107238411903381,7.1155757028922792528646823484450578689575
24.20000,22.8409221352930913440104632172733545303345,20.3401484674828587628780951490625739097595,17.9632456272032285937712003942579030990601,17.9632456272032285937712003942579030990601,7.2545793483694946957029969780705869197845
24.30000,22.9288453732793584549654042348265647888184,20.2516097141890298871658160351216793060303,17.8927908808916882321682351175695657730103,17.8927908808916882321682351175695657730103,7.3948733256850118777947500348091125488281
24.40000,23.0166973169785116226648824522271752357483,20.1632812655951916269714274676516652107239,17.8216753793461641919293469982221722602844,17.8216753793461641919293469982221722602844,7.5366278238813713130639371229335665702820
24.50000,23.1045281507609274740389082580804824829102,20.0759245941757029640939435921609401702881,17.7503232735185214608009118819609284400940,17.7503232735185214608009118819609284400940,7.6798061978995830756389295856934040784836
24.60000,23.1924067452796762722755374852567911148071,19.9902054447224912792080431245267391204834,17.6792366264681568566174973966553807258606,17.6792366264681568566174973966553807258606,7.8241389370658556146054252167232334613800
24.70000,23.2804020933635129608774150256067514419556,19.9065166251637819527786632534116506576538,17.6088432163976307265329523943364620208740,17.6088432163976307265329523943364620208740,7.9692322857320334605901734903454780578613
24.80000,23.3685648181192533456851379014551639556885,19.8250043282433665581265813671052455902100,17.5393960004293347765269572846591472625732,17.5393960004293347765269572846591472625732,8.1147771455039521271146440994925796985626
24.90000,23.4569132767080468227050005225464701652527,19.7457157882964935424752184189856052398682,17.4709492720004355703622422879561781883240,17.4709492720004355703622422879561781883240,8.2607305210036674480988949653692543506622
25.00000,23.5454276137091795817468664608895778656006,19.6686927067757331144548516022041440010071,17.4033887258434312172994395950809121131897,17.4033887258434312172994395950809121131897,8.4073428687980502616028388729318976402283
25.10000,23.6340531384598264708074566442519426345825,19.5939015647023317967523325933143496513367,17.3364731497767579071478394325822591781616,17.3364731497767579071478394325822591781616,8.5550084036086424532641103724017739295959
25.20000,23.7227121095197617250960320234298706054688,19.5210515817857128695322899147868156433105,17.2698642163745930133700312580913305282593,17.2698642163745930133700312580913305282593,8.7040352585562885678882594220340251922607
25.30000,23.8113209745245129056456789840012788772583,19.4494663326924808188778115436434745788574,17.2031577652973659553481411421671509742737,17.2031577652973659553481411421671509742737,8.8544717766222635901840476435609161853790
25.40000,23.8998088273904869538455386646091938018799,19.3781577578825761065672850236296653747559,17.1359488074134667101589002413675189018250,17.1359488074134667101589002413675189018250,9.0060689704461278637381838052533566951752
25.50000,23.9881326046106657656764582497999072074890,19.3061237520445416748771094717085361480713,17.0679415706500456906269391765817999839783,17.0679415706500456906269391765817999839783,9.1583732153551196120133681688457727432251
25.60000,24.0762853872848019420871423790231347084045,19.2327454650096427712924196384847164154053,16.9990713157298749536039395024999976158142,16.9990713157298749536039395024999976158142,9.3108882208346930298148436122573912143707
25.70000,24.1642958865567898385506850900128483772278,19.1580850136444560405379888834431767463684,16.9295775408413398110951675334945321083069,16.9295775408413398110951675334945321083069,9.4632258185185715859688571072183549404144
25.80000,24.2522193474958491776760638458654284477234,19.0829239465472255687927827239036560058594,16.8599851723710472128914261702448129653931,16.8599851723710472128914261702448129653931,9.6151729493009785443291548290289938449860
25.90000,24.3401221882677880614664900349453091621399,19.0085260455645048693895660107955336570740,16.7909979651505167907998838927596807479858,16.7909979651505167907998838927596807479858,9.7666523035312593492562882602214813232422
26.00000,24.4280641945539969128731172531843185424805,18.9362648221845475404734315816313028335571,16.7233475751034745826473226770758628845215,16.7233475751034745826473226770758628845215,9.9176338665315935116950640804134309291840
26.10000,24.5160826491533754278862033970654010772705,18.8673024336538759371251217089593410491943,16.6576461410342737679002311779186129570007,16.6576461410342737679002311779186129570007,10.0680928007387002764971839496865868568420
26.20000,24.6041822597049311127648252295330166816711,18.8024091330133487076636811252683401107788,16.5942680965944369120279588969424366950989,16.5942680965944369120279588969424366950989,10.2180551995294077727294279611669480800629
26.30000,24.6923332876032617377859423868358135223389,18.7418775982706797833543532760813832283020,16.5332658337146973792641801992431282997131,16.5332658337146973792641801992431282997131,10.3676792184445449862550958641804754734039
26.40000,24.7804782481272667382654617540538311004639,18.6854471510533315381508145947009325027466,16.4743193052603729142902011517435312271118,16.4743193052603729142902011517435312271118,10.5172867886598542241927134455181658267975
26.50000,24.8685454545370063783593650441616773605347,18.6322269522807388852925214450806379318237,16.4167303864992675244138808920979499816895,16.4167303864992675244138808920979499816895,10.6673116338192102148241247050464153289795
26.60000,24.9564660331269898563277820358052849769592,18.5807055744449378664739924715831875801086,16.3594916414312692154453543480485677719116,16.3594916414312692154453543480485677719116,10.8181883247093928446247446117922663688660
26.70000,25.0441902348082550133767654187977313995361,18.5289664987774926885322201997041702270508,16.3014634171987822242044785525649785995483,16.3014634171987822242044785525649785995483,10.9702298991881797007863497128710150718689
26.80000,25.1316990901293273452665744116529822349548,18.4751546243451478801489429315552115440369,16.2416550918764315269982034806162118911743,16.2416550918764315269982034806162118911743,11.1235435307216103950622709817253053188324
26.90000,25.2190086284221663959215220529586076736450,18.4180895130295674277931539108976721763611,16.1795379197407491744797880528494715690613,16.1795379197407491744797880528494715690613,11.2780223019702336983982604579068720340729
27.00000,25.3061657134481912123646907275542616844177,18.3577960246234468399961770046502351760864,16.1152705315355575521607534028589725494385,16.1152705315355575521607534028589725494385,11.4334206750005211716825215262360870838165
27.10000,25.3932365912442250532876641955226659774780,18.2957045925088728210994304390624165534973,16.0497332066721298815537011250853538513184,16.0497332066721298815537011250853538513184,11.5894747704088416639933711849153041839600
27.20000,25.4802910067173122854455868946388363838196,18.2343778111521501728020666632801294326782,15.9843366957642434300623790477402508258820,15.9843366957642434300623790477402508258820,11.7459954263409738217660560621879994869232
27.30000,25.5673857976453504647906811442226171493530,18.1768178583132105075037543429061770439148,15.9206594762936060050151354516856372356415,15.9206594762936060050151354516856372356415,11.9028847033713489622641645837575197219849
27.40000,25.6545519635401007008113083429634571075439,18.1256222087094904793502792017534375190735,15.8600394015286116911056524259038269519806,15.8600394015286116911056524259038269519806,12.0600953691923677979502826929092407226562
27.50000,25.7417883154405018331090104766190052032471,18.0823379410716320592200645478442311286926,15.8032686570839935313870228128507733345032,15.8032686570839935313870228128507733345032,12.2175889423441468295550293987616896629333
27.60000,25.8290631688621949990647408412769436836243,18.0472175109596015829538373509421944618225,15.7504838841031045149065903387963771820068,15.7504838841031045149065903387963771820068,12.3753129116155857758485581143759191036224
27.70000,25.9163235600104968625601031817495822906494,18.0193369671252519026438676519319415092468,15.7012373539457783522266254294663667678833,15.7012373539457783522266254294663667678833,12.5331858192441920607507199747487902641296
27.80000,26.0035096373535665748022438492625951766968,17.9969409259729928862725500948727130889893,15.6546752865086382655590568901970982551575,15.6546752865086382655590568901970982551575,12.6910999903092829299566801637411117553711
27.90000,26.0905706509713617435863852733746170997620,17.9779263567223175357412401353940367698669,15.6097688668715761650673812255263328552246,15.6097688668715761650673812255263328552246,12.8489592739505251728360235574655234813690
28.00000,26.1774786184321932580587599659338593482971,17.9604080714804581475618761032819747924805,15.5655789527549028861130864243023097515106,15.5655789527549028861130864243023097515106,13.0067287844028438570376238203607499599457
28.10000,26.2642363558425522285233455477282404899597,17.9432758230598103921238362090662121772766,15.5215323759090999544696387602016329765320,15.5215323759090999544696387602016329765320,13.1644474270841609353510648361407220363617
28.20000,26.3508779653224287642387935193255543708801,17.9266174342447754952445393428206443786621,15.4776552824238287087155185872688889503479,15.4776552824238287087155185872688889503479,13.3221848347195486184091350878588855266571
28.30000,26.4374617195631174126901896670460700988770,17.9118882864065511739681824110448360443115,15.4346868710584033124177949503064155578613,15.4346868710584033124177949503064155578613,13.4799762638528637381796215777285397052765
28.40000,26.5240571317358515557316422928124666213989,17.9017535249653967355243366910144686698914,15.3940124950397869696416819351725280284882,15.3940124950397869696416819351725280284882,13.6377856666216743519726151134818792343140
28.50000,26.6107293981551329409285244764760136604309,17.8996117782383450389716017525643110275269,15.3574082211353069027381934574805200099945,15.3574082211353069027381934574805200099945,13.7955247341228641744237393140792846679688
28.60000,26.6975250132435277805598161648958921432495,17.9089179429667986198637663619592785835266,15.3266573072668492727643752004951238632202,15.3266573072668492727643752004951238632202,13.9531283416766296312516715261153876781464
28.70000,26.7844620352753786107768974034115672111511,17.9324881788375378732780518475919961929321,15.3031474940218448210771384765394032001495,15.3031474940218448210771384765394032001495,14.1106552260692286182575116981752216815948
28.80000,26.8715273121013389356903644511476159095764,17.9719254975554534325965505558997392654419,15.2875577219314173760267294710502028465271,15.2875577219314173760267294710502028465271,14.2683373657939611689471348654478788375854
28.90000,26.9586812545086438319685839815065264701843,18.0272305843665350266746827401220798492432,15.2797026426951987332358839921653270721436,15.2797026426951987332358839921653270721436,14.4265065534847796158146593370474874973297
29.00000,27.0458689013820396951359725790098309516907,18.0966855183783685845355648780241608619690,15.2785632283150309973507319227792322635651,15.2785632283150309973507319227792322635651,14.5854279631303445086132342112250626087189
29.10000,27.1330345087268369752564467489719390869141,18.1771531151028291617421928094699978828430,15.2825090806289107803195292945019900798798,15.2825090806289107803195292945019900798798,14.7451694625718428000027415691874921321869
29.20000,27.2201360763084210248052841052412986755371,18.2648519681588190621823741821572184562683,15.2896882514900021021730935899540781974792,15.2896882514900021021730935899540781974792,14.9056115414872341062846317072398960590363
29.30000,27.3071562870256130395318905357271432876587,18.3564299814734006588423653738573193550110,15.2985038023525063977103854995220899581909,15.2985038023525063977103854995220899581909,15.0665786637940009029534849105402827262878
29.40000,27.3941072462841148649204114917665719985962,18.4499391457254340309646067908033728599548,15.3080354289002489309723387123085558414459,15.3080354289002489309723387123085558414459,15.2279755342090510339403408579528331756592
29.50000,27.4810279412596720760575408348813652992249,18.5452908569947751971085381228476762771606,15.3182475559286874755571261630393564701080,15.3182475559286874755571261630393564701080,15.3898236863970758747655054321512579917908
29.60000,27.5679751187689134894753806293010711669922,18.6439794883751375209612888284027576446533,15.3298850083665030297197517938911914825439,15.3298850083665030297197517938911914825439,15.5521845904110485037108446704223752021790
29.70000,27.6550098750843673656163446139544248580933,18.7481936802997672941728524165228009223938,15.3440823381179498596793564502149820327759,15.3440823381179498596793564502149820327759,15.7150388791482367167873235302977263927460
29.80000,27.7421832756627928517900727456435561180115,18.8597196230618671108913986245170235633850,15.3618462026302449174863795633427798748016,15.3618462026302449174863795633427798748016,15.8782104934641701277087122434750199317932
29.90000,27.8295245293651056783801323035731911659241,18.9791318971956073369256046134978532791138,15.3836350440425828622892368002794682979584,15.3836350440425828622892368002794682979584,16.0413863384755472907272633165121078491211
30.00000,27.9170345829938355564081575721502304077148,19.1056102417421023176302696811035275459290,15.4092087979027834165890453732572495937347,15.4092087979027834165890453732572495937347,16.2042272289303710408603365067392587661743
30.10000,28.0046866452308229611389833735302090644836,19.2373860130217586572598520433530211448669,15.4377785197463950339624716434627771377563,15.4377785197463950339624716434627771377563,16.3665156187597915504738921299576759338379
30.20000,28.0924334344533868090820760698989033699036,19.3724953899098615295315539697185158729553,15.4683395080519066056012889021076261997223,15.4683395080519066056012889021076261997223,16.5282498082594351274110522354021668434143
30.30000,28.1802192975665910523730417480692267417908,19.5094051695539363322495773900300264358521,15.5000049010815779126915003871545195579529,15.5000049010815779126915003871545195579529,16.6896146649573715592396183637902140617371
30.40000,28.2679941685538302920122077921405434608459,19.6472448675433710718607471790164709091187,15.5321939126977923706363071687519550323486,15.5321939126977923706363071687519550323486,16.8508512107016166226003406336531043052673
30.50000,28.3557259055036574579844455001875758171082,19.7856751501053018671427707886323332786560,15.5646345603549818292776762973517179489136,15.5646345603549818292776762973517179489136,17.0121319348989921138581848936155438423157
30.60000,28.4434079571450624257522576954215764999390,19.9246180654419795530429837526753544807434,15.5972460356914552903617732226848602294922,15.5972460356914552903617732226848602294922,17.1735339512041313980716950027272105216980
30.70000,28.5310604555389879521953844232484698295593,20.0640637865033077957832574611529707908630,15.6300088676038946289281739154830574989319,15.6300088676038946289281739154830574989319,17.3351065068345064901222940534353256225586
30.80000,28.6187244289446098832740972284227609634399,20.2040270129707195678747666534036397933960,15.6628993196772068330346883158199489116669,15.6628993196772068330346883158199489116669,17.4969528025609122323658084496855735778809
30.90000,28.7064504910976587837012630188837647438049,20.3445914461719254973104398231953382492065,15.6958964231716944226491250446997582912445,15.6958964231716944226491250446997582912445,17.6592490909261954357134527526795864105225
31.00000,28.7942846886336241141179925762116909027100,20.4859288188455401780174724990501999855042,15.7290159948085950247786968247964978218079,15.7290159948085950247786968247964978218079,17.8221815178619742425780714256688952445984
31.10000,28.8822548567179246958858129801228642463684,20.6282152929869226909431745298206806182861,15.7623149130813100526893322239629924297333,15.7623149130813100526893322239629924297333,17.9858403235422308341640018625184893608093
31.20000,28.9703606843316023855550156440585851669312,20.7714693285585063620146684115752577781677,15.7958423109052397137475054478272795677185,15.7958423109052397137475054478272795677185,18.1501453910796257673609943594783544540405
31.30000,29.0585697680149479538158630020916461944580,20.9154353222644644461070129182189702987671,15.8295670779529924487860625959001481533051,15.8295670779529924487860625959001481533051,18.3148709343734310550644295290112495422363
31.40000,29.1468204721332142526080133393406867980957,21.0596167387195514208997337846085429191589,15.8633356728009449199134905938990414142609,15.8633356728009449199134905938990414142609,18.4797658652508793863944447366520762443542
31.50000,29.2350307827313642405897553544491529464722,21.2034157430232603758213372202590107917786,15.8968844653539385092244629049673676490784,15.8968844653539385092244629049673676490784,18.6446775950467511506758455652743577957153
31.60000,29.3231109445852524686415563337504863739014,21.3462526040680842243091319687664508819580,15.9298858827535205762160330777987837791443,15.9298858827535205762160330777987837791443,18.8095917831462955405186221469193696975708
31.70000,29.4109768440024375024677283363416790962219,21.4876094919825284534908860223367810249329,15.9620007234590204348023689817637205123901,15.9620007234590204348023689817637205123901,18.9745848890669215336401975946500897407532
31.80000,29.4985610318307394095427298452705144882202,21.6270526364209310088426718721166253089905,15.9929336458193596115506807109341025352478,15.9929336458193596115506807109341025352478,19.1397463766129511952840402955189347267151
31.90000,29.5858189717627446668757329462096095085144,21.7643183544023983699844393413513898849487,16.0225039320520501462397078284993767738342,16.0225039320520501462397078284993767738342,19.3051294620610427443807566305622458457947
32.00000,29.6727293658969024647831247420981526374817,21.8994893966718287003914156230166554450989,16.0507317415017922712650033645331859588623,16.0507317415017922712650033645331859588623,19.4707552795651466226445336360484361648560
32.10000,29.7592889358482608486156095750629901885986,22.0331925106158941218836844200268387794495,16.0779145070403863826413726201280951499939,16.0779145070403863826413726201280951499939,19.6366524323833822052165487548336386680603
32.20000,29.8455034488156449867801711661741137504578,22.1666879840056409989301755558699369430542,16.1046509836228182166451006196439266204834,16.1046509836228182166451006196439266204834,19.8028894655756495524201454827561974525452
32.30000,29.9313777294840157594535412499681115150452,22.3017437869856429699666477972641587257385,16.1317774641018694126159971347078680992126,16.1317774641018694126159971347078680992126,19.9695665882659199041881947778165340423584
32.40000,30.0169076576273035072972561465576291084290,22.4402856783701984966228337725624442100525,16.1602134366943275267658464144915342330933,16.1602134366943275267658464144915342330933,20.1367664626088469503883970901370048522949
32.50000,30.1020766525761693799267959548160433769226,22.5839309477276231064024614170193672180176,16.1907558008383958281228842679411172866821,16.1907558008383958281228842679411172866821,20.3044959986269972773698100354522466659546
32.60000,30.1868580080180244351595320040360093116760,22.7335719159397378064113581785932183265686,16.2238863473386594193925702711567282676697,16.2238863473386594193925702711567282676697,20.4726572292804434027857496403157711029053
32.70000,30.2712229374673462700684467563405632972717,22.8891491554042758593823236878961324691772,16.2596538081996158098263549618422985076904,16.2596538081996158098263549618422985076904,20.6410644764723905097980605205520987510681
32.80000,30.3551526833009646111349866259843111038208,23.0496812018023575774350319989025592803955,16.2976680189980172031027905177325010299683,16.2976680189980172031027905177325010299683,20.8094978471072842296507587889209389686584
32.90000,30.4386518916210029317426233319565653800964,23.2135485559990044635014783125370740890503,16.3372144772421172831400326685979962348938,16.3372144772421172831400326685979962348938,20.9777714931357763816777151077985763549805
33.00000,30.5217599376312485048856615321710705757141,23.3789738114702636551101022632792592048645,16.3774670750749784531308250734582543373108,16.3774670750749784531308250734582543373108,21.1457995989515517010204348480328917503357
33.10000,30.6045571306996642135800357209518551826477,23.5445687830015693009499955223873257637024,16.4177431897155976514568465063348412513733,16.4177431897155976514568465063348412513733,21.3136395342700382116163382306694984436035
33.20000,30.6871636885129461802534933667629957199097,23.7097507457424683252611430361866950988770,16.4577167958220513810374541208148002624512,16.4577167958220513810374541208148002624512,21.4814808426113117434397281613200902938843
33.30000,30.7697308335010326629799237707629799842834,23.8748400559908304785494692623615264892578,16.4975032287400225072815374005585908889771,16.4975032287400225072815374005585908889771,21.6495644320118181269663182320073246955872
33.40000,30.8524249984706102623022161424160003662109,24.0407813668387575489759910851716995239258,16.5375714935269932936989789595827460289001,16.5375714935269932936989789595827460289001,21.8180633782553812238802493084222078323364
33.50000,30.9354075506985353172240138519555330276489,24.2086202339979159603444713866338133811951,16.5785176752772578367967071244493126869202,16.5785176752772578367967071244493126869202,21.9869924341419391566887497901916503906250
33.60000,31.0188133163592461016833112807944416999817,24.3789907726602486093270272249355912208557,16.6208042806547915404280502116307616233826,16.6208042806547915404280502116307616233826,22.1561955277099151828679168829694390296936
33.70000,31.1027313046653581807277078041806817054749,24.5518489914867323875569127267226576805115,16.6645863259423556712590652750805020332336,16.6645863259423556712590652750805020332336,22.3254076442673792257664899807423353195190
33.80000,31.1871903831575636445450072642415761947632,24.7265488565702007406343909678980708122253,16.7096918854744949101132078794762492179871,16.7096918854744949101132078794762492179871,22.4943554687787781176666612736880779266357
33.90000,31.2721514374660003454664547462016344070435,24.9021800726707134288062661653384566307068,16.7557384338262309597666899207979440689087,16.7557384338262309597666899207979440689087,22.6628546424842554074530198704451322555542
34.00000,31.3575061095885025963525549741461873054504,25.0779448117819079300261364551261067390442,16.8022977404506228538139112060889601707458,16.8022977404506228538139112060889601707458,22.8308554404691648187508690170943737030029
34.10000,31.4430809487940585711385210743173956871033,25.2533415121184887652816541958600282669067,16.8490038405454995995569333899766206741333,16.8490038405454995995569333899766206741333,22.9984147798215445845926296897232532501221
34.20000,31.5286450607390023037623905111104249954224,25.4280809462506880436194478534162044525146,16.8955463015753899469473253702744841575623,16.8955463015753899469473253702744841575623,23.1656334038389104534871876239776611328125
34.30000,31.6139192698752502508341422071680426597595,25.6018690539885618306925607612356543540955,16.9415858214957104621589678572490811347961,16.9415858214957104621589678572490811347961,23.3326166808723947099224460544064640998840
34.40000,31.6985853764032299295649863779544830322266,25.7742862880363610145195707445964217185974,16.9866989534883039425494644092395901679993,16.9866989534883039425494644092395901679993,23.4994737574629795062719495035707950592041
34.50000,31.7822950657405556285084458068013191223145,25.9449032077552388386720849666744470596313,17.0304382397784443980981450295075774192810,17.0304382397784443980981450295075774192810,23.6663217939389056709842407144606113433838
34.60000,31.8646790813680844678401626879349350929260,26.1135726838744162137118109967559576034546,17.0724966723911890653653244953602552413940,17.0724966723911890653653244953602552413940,23.8332584204601189981076458934694528579712
34.70000,31.9453580598435209481067431624978780746460,26.2806835195596129040040977997705340385437,17.1128689342862934097411198308691382408142,17.1128689342862934097411198308691382408142,24.0003037108305470326286013005301356315613
34.80000,32.0239566950554888080660020932555198669434,26.4471622340434890929827815853059291839600,17.1518805301908940919020096771419048309326,17.1518805301908940919020096771419048309326,24.1673578687171932699584431247785687446594
34.90000,32.1001225382767145788420748431235551834106,26.6141628451196758931018848670646548271179,17.1900295664459044076011196011677384376526,17.1900295664459044076011196011677384376526,24.3342262505045887621690781088545918464661
35.00000,32.1735498019109513734292704612016677856445,26.7825730895142939402830961626023054122925,17.2277086815059412572281871689483523368835,17.2277086815059412572281871689483523368835,24.5007055284133592465423134854063391685486
35.10000,32.2440072036165759072900982573628425598145,26.9525687677963077248932677321135997772217,17.2649615029764511575649521546438336372375,17.2649615029764511575649521546438336372375,24.6666529654599777643397828796878457069397
35.20000,32.3113674368223584565384953748434782028198,27.1234194979255676116736140102148056030273,17.3014147475822532840084022609516978263855,17.3014147475822532840084022609516978263855,24.8319574395834230529089836636558175086975
35.30000,32.3756345919327799265374778769910335540771,27.2936228557405620165354775963351130485535,17.3364227672336816965525940759107470512390,17.3364227672336816965525940759107470512390,24.9964119132059821026814461220055818557739
35.40000,32.4369650774071942578302696347236633300781,27.4612954397085005098233523312956094741821,17.3693405930637716494402411626651883125305,17.3693405930637716494402411626651883125305,25.1595793309881479160594608401879668235779
35.50000,32.4956775484477233817415253724902868270874,27.6246559263896251934511383296921849250793,17.3997825341654035469218797516077756881714,17.3997825341654035469218797516077756881714,25.3207684065065450340625829994678497314453
35.60000,32.5522481982710942816083843354135751724243,27.7824344785671897284373699221760034561157,17.4277531074847154002327442867681384086609,17.4277531074847154002327442867681384086609,25.4791764618688532095802656840533018112183
35.70000,32.6072895153373991661283071152865886688232,27.9341159047846865348674327833577990531921,17.4536235720294321538403892191126942634583,17.4536235720294321538403892191126942634583,25.6341582760632213933149614604189991950989
35.80000,32.6615130735464518352273444179445505142212,28.0800096039712627771223196759819984436035,17.4780099974171676535661390516906976699829,17.4780099974171676535661390516906976699829,25.7855026826833757525037071900442242622375
35.90000,32.7156796797700479828563402406871318817139,28.2211808604804872402382898144423961639404,17.5016399123097556866923696361482143402100,17.5016399123097556866923696361482143402100,25.9335807156310238497098907828330993652344
36.00000,32.7705426215373236686900781933218240737915,28.3592740943443892831510311225429177284241,17.5252674777698516095369996037334203720093,17.5252674777698516095369996037334203720093,26.0792817603420097327671101083979010581970
36.10000,32.8267911226418078740607597865164279937744,28.4962459332005906276208406779915094375610,17.5496425962675957066494447644799947738647,17.5496425962675957066494447644799947738647,26.2237518633072106410963897360488772392273
36.20000,32.8850008682656138603306317236274480819702,28.6340236786745343522397888591513037681580,17.5754970438105715402343776077032089233398,17.5754970438105715402343776077032089233398,26.3680304593190051321016653673723340034485
36.30000,32.9455964829766472234950924757868051528931,28.7741146611573626046265417244285345077515,17.6035035202835921097630489384755492210388,17.6035035202835921097630489384755492210388,26.5127041035668256085955363232642412185669
36.40000,33.0088276312447845839415094815194606781006,28.9172331397909800898560206405818462371826,17.6341905542350048108346527442336082458496,17.6341905542350048108346527442336082458496,26.6576796625657550521282246336340904235840
36.50000,33.0747570140309647968024364672601222991943,29.0630720468660364019797270884737372398376,17.6678373326888120686817273963242769241333,17.6678373326888120686817273963242769241333,26.8021543955193806141323875635862350463867
36.60000,33.1432562200992677503563754726201295852661,29.2103307716333517873863456770777702331543,17.7043987316771627149591950001195073127747,17.7043987316771627149591950001195073127747,26.9447895283782941078243311494588851928711
36.70000,33.2140051174216850427001190837472677230835,29.3569897416493894581890344852581620216370,17.7435027207825832817889022408053278923035,17.7435027207825832817889022408053278923035,27.0839894175059008318839914863929152488708
36.80000,33.2864924485221536087919957935810089111328,29.5007264219819766992713994113728404045105,17.7845262098273408923887473065406084060669,17.7845262098273408923887473065406084060669,27.2181664508494449705722217913717031478882
36.90000,33.3600188260466552492289338260889053344727,29.6393656706195223193844867637380957603455,17.8267164339077623935736482962965965270996,17.8267164339077623935736482962965965270996,27.3459516288506527814661239972338080406189
37.00000,33.4337070265191869111731648445129394531250,29.7712875123697102708320016972720623016357,17.8693049318867274166677816538140177726746,17.8693049318867274166677816538140177726746,27.4663846751154423486696032341569662094116
37.10000,33.5065267911188229277286154683679342269897,29.8957181650353263080432952847331762313843,17.9115684478672250179442926310002803802490,17.9115684478672250179442926310002803802490,27.5791080604197027525970042916014790534973
37.20000,33.5773411122424576547018659766763448715210,30.0128204236611928479305788641795516014099,17.9528229134040628878210554830729961395264,17.9528229134040628878210554830729961395264,27.6845157090955282797040126752108335494995
37.30000,33.6449778888433002066449262201786041259766,30.1235299338638711219573451671749353408813,17.9923770090398207344151160214096307754517,17.9923770090398207344151160214096307754517,27.7837538046275298597720393445342779159546
37.40000,33.7083254609182390026944631244987249374390,30.2291720502022371874772943556308746337891,18.0294945392965004771212988998740911483765,18.0294945392965004771212988998740911483765,27.8785084325274787886428384808823466300964
37.50000,33.7664441472693965806683991104364395141602,30.3309902217133959823058830806985497474670,18.0634067748141085019142337841913104057312,18.0634067748141085019142337841913104057312,27.9706208193545684537184570217505097389221
37.60000,33.8186800282723680766139295883476734161377,30.4297405190684848719229194102808833122253,18.0933891161408517689324071398004889488220,18.0933891161408517689324071398004889488220,28.0616423150591494106720347190275788307190
37.70000,33.8647632091711443536041770130395889282227,30.5254355299023352188214630587026476860046,18.1188879705466590053219988476485013961792,18.1188879705466590053219988476485013961792,28.1524227979801615617816423764452338218689
37.80000,33.9048716594618966269081283826380968093872,30.6172326874054796519430965417996048927307,18.1396603565653329326323728309944272041321,18.1396603565653329326323728309944272041321,28.2427836337367068608728004619479179382324
37.90000,33.9396440014521232342303846962749958038330,30.7034480849282154224511032225564122200012,18.1558752534010636736638844013214111328125,18.1558752534010636736638844013214111328125,28.3313415795782077566400403156876564025879
38.00000,33.9701304611284626844280865043401718139648,30.7817297188844491984127671457827091217041,18.1681303685466168928996921749785542488098,18.1681303685466168928996921749785542488098,28.4155994429196816497551481006667017936707
38.10000,33.9976803242928866666261455975472927093506,30.8494452289928737798163638217374682426453,18.1773645598289377289802359882742166519165,18.1773645598289377289802359882742166519165,28.4923964336278814357683586422353982925415
38.20000,34.0237758200143360909351031295955181121826,30.9042675155233013128963648341596126556396,18.1846849858959309642614243784919381141663,18.1846849858959309642614243784919381141663,28.5586733637457790280222980072721838951111
38.30000,34.0498347067374567131992080248892307281494,30.9448214742181200165305199334397912025452,18.1911590488004932808507874142378568649292,18.1911590488004932808507874142378568649292,28.6123380833545866153144743293523788452148
38.40000,34.0770142648797857987119641620665788650513,30.9711703556665973735562147339805960655212,18.1976290282218187144280818756669759750366,18.1976290282218187144280818756669759750366,28.6529265641027421906983363442122936248779
38.50000,34.1060544213335177232693240512162446975708,30.9849332138227921973339107353240251541138,18.2045928349042789307077327976003289222717,18.2045928349042789307077327976003289222717,28.6818019653477520591877691913396120071411
38.60000,34.1371940853397717319239745847880840301514,30.9889356835431293291094334563240408897400,18.2121684546076565425209992099553346633911,18.2121684546076565425209992099553346633911,28.7017928596675844232777308207005262374878
38.70000,34.1701811289207384447763615753501653671265,30.9864565562676972376721096225082874298096,18.2201326920140367349176813149824738502502,18.2201326920140367349176813149824738502502,28.7163723011603586598994297673925757408142
38.80000,34.2043750059873516988773189950734376907349,30.9802917420753978205993917072191834449768,18.2280067450673399775951111223548650741577,18.2280067450673399775951111223548650741577,28.7286532579280695642864884575828909873962
38.90000,34.2389177274279461471451213583350181579590,30.9719577758152411206538090482354164123535,18.2351617223257385091983451275154948234558,18.2351617223257385091983451275154948234558,28.7405520585917138021159189520403742790222
39.00000,34.2729315003412509099689486902207136154175,30.9613235065580667537687986623495817184448,18.2409328663350827071099047316238284111023,18.2409328663350827071099047316238284111023,28.7523892742291522495179378893226385116577
39.10000,34.3056958391903208394069224596023559570312,30.9467880339673797607247252017259597778320,18.2447408720790029690306255361065268516541,18.2447408720790029690306255361065268516541,28.7630021289996982147840753896161913871765
39.20000,34.3367650125252268367148644756525754928589,30.9259276288312392466650635469704866409302,18.2462107260923183105205680476501584053040,18.2462107260923183105205680476501584053040,28.7702711891718294623387919273227453231812
39.30000,34.3660051710319223161604895722121000289917,30.8963994165647832801369077060371637344360,18.2452680806456086770594993140548467636108,18.2452680806456086770594993140548467636108,28.7718684263054846894647198496386408805847
39.40000,34.3935532703494288853107718750834465026855,30.8568149642042364177996205398812890052795,18.2421925710050309987764194374904036521912,18.2421925710050309987764194374904036521912,28.7659830925435997528438747394829988479614
39.50000,34.4197202100287213966112176422029733657837,30.8072942139752115053852321580052375793457,18.2376073541386531928765180055052042007446,18.2376073541386531928765180055052042007446,28.7517997157266265162434137891978025436401
39.60000,34.4448729652388720978706260211765766143799,30.7495079299721432164460566127672791481018,18.2323826223447618133377545746043324470520,18.2323826223447618133377545746043324470520,28.7296156505214987930685310857370495796204
39.70000,34.4693318269301656187053595203906297683716,30.6861975657880954315714916447177529335022,18.2274484360587933906572288833558559417725,18.2274484360587933906572288833558559417725,28.7006325206006742689623933983966708183289
39.80000,34.4933093104329415723441343288868665695190,30.6203602265072412080826325109228491783142,18.2235592915138298053534526843577623367310,18.2235592915138298053534526843577623367310,28.6665509539125231697198614710941910743713
39.90000,34.5169003065558825937841902486979961395264,30.5544228440563614412894821725785732269287,18.2211010257486165642148989718407392501831,18.2211010257486165642148989718407392501831,28.6291210991150144593575532780960202217102
