0.00000,2.0000179259115213881159434095025062561035,4.0000537458687874803331396833527833223343,2.0000358505476598658390230411896482110023,2.0000358505476598658390230411896482110023,1.9999999706849891367710370104759931564331
0.10000,2.0000060213424650790159375901566818356514,4.0000180276363881404222411219961941242218,2.0000120411485680094187955546658486127853,2.0000120411485680094187955546658486127853,1.9999999666817176446897974528837949037552
0.20000,2.0002536860342545743662867607781663537025,4.0007610027508420103004027623683214187622,2.0005073683166774145547606167383491992950,2.0005073683166774145547606167383491992950,1.9999999521517419776017732147010974586010
0.30000,2.0023968344936329266658958658808842301369,4.0071903820995506961821774893905967473984,2.0047936500657468350539147650124505162239,2.0047936500657468350539147650124505162239,1.9999999164616897306956389002152718603611
0.40000,2.0104878178644760566839977400377392768860,4.0314630490244711680247746699023991823196,2.0209755163514393494494925107574090361595,2.0209755163514393494494925107574090361595,1.9999998341860680817205775383627042174339
0.50000,2.0307933437092846595817263732897117733955,4.0923782674109059342981709050945937633514,2.0615859797553883758780557400314137339592,2.0615859797553883758780557400314137339592,1.9999996516094136200791808732901699841022
0.60000,2.0701555600886312191732940846122801303864,4.2104585864630807989783534139860421419144,2.1403074407033098047747898817760869860649,2.1403074407033098047747898817760869860649,1.9999992651450926306466726600774563848972
0.70000,2.1337755178490298568760863417992368340492,4.4012919551376086246818886138498783111572,2.2675344903914149696788626897614449262619,2.2675344903914149696788626897614449262619,1.9999984922038089862894594261888414621353
0.80000,2.2234761945410941308409746852703392505646,4.6702968171161858279560874507296830415726,2.4468879747519993728133158583659678697586,2.4468879747519993728133158583659678697586,1.9999970621532812131704304192680865526199
0.90000,2.3370925218502813791587868763599544763565,5.0108343074201426858849117706995457410812,2.6739660345176523570387416839366778731346,2.6739660345176523570387416839366778731346,1.9999947602351191289216103541548363864422
1.00000,2.4690295886101223388209291442763060331345,5.4057643449800432122742677165661007165909,2.9374008732575789260010878933826461434364,2.9374008732575789260010878933826461434364,1.9999921870750074770484161490458063781261
1.10000,2.6116017347005349158450826507760211825371,5.8312543839758488317670526157598942518234,3.2214313248648784870908912125742062926292,3.2214313248648784870908912125742062926292,1.9999934689466274395641676164814271032810
1.20000,2.7566341281593249590287086903117597103119,6.2612690683280138870259179384447634220123,3.5089445266352585761637783434707671403885,3.5089445266352585761637783434707671403885,2.0000141432168216937270699418149888515472
1.30000,2.8968968340384013693267206690507009625435,6.6714750463792746870694827521219849586487,3.7841357254379852648185078578535467386246,3.7841357254379852648185078578535467386246,2.0001004295417055267591877054655924439430
1.40000,3.0271178279844161984613037930103018879890,7.0419017044451219788925300235860049724579,4.0343256417989179496430551807861775159836,4.0343256417989179496430551807861775159836,2.0003682488317013898893037548987194895744
1.50000,3.1444881229255621235552098369225859642029,7.3583009255844045171102152380626648664474,4.2508615706072747641997011669445782899857,4.2508615706072747641997011669445782899857,2.0010659072954166681768128910334780812263
1.60000,3.2486848249711974823128457501297816634178,7.6125637473389140552626486169174313545227,4.4293013260621831861385544470977038145065,4.4293013260621831861385544470977038145065,2.0026459201857451652983854728518053889275
1.70000,3.3414953725415030838519214739790186285973,7.8026867915502045036646450171247124671936,4.5691908364349407278837134072091430425644,4.5691908364349407278837134072091430425644,2.0058004912218256876599298266228288412094
1.80000,3.4261519120025449858246702206088230013847,7.9326263512709580538739828625693917274475,4.6736921423424284682823781622573733329773,4.6736921423424284682823781622573733329773,2.0113939785886461031338967586634680628777
1.90000,3.5065041917335624255258608172880485653877,8.0120173294383736362078707315959036350250,4.7491360650866445425322126538958400487900,4.7491360650866445425322126538958400487900,2.0202493909986478648477259412175044417381
2.00000,3.5861801090425164950659109308617189526558,8.0553379159855538205192715395241975784302,4.8043468300829967887466409592889249324799,4.8043468300829967887466409592889249324799,2.0328243648620762940026907017454504966736
2.10000,3.6678906111045890270361269358545541763306,8.0798853329053734739773062756285071372986,4.8494416697427249474117161298636347055435,4.8494416697427249474117161298636347055435,2.0488926045245134943684206518810242414474
2.20000,3.7530093147910048578808073216350749135017,8.1021420557264747230874490924179553985596,4.8939015305378870124286549980752170085907,4.8939015305378870124286549980752170085907,2.0673483094417068883785759680904448032379
2.30000,3.8414921075926873328398869489319622516632,8.1330202397311577300342833041213452816010,4.9441547161721928205224685370922088623047,4.9441547161721928205224685370922088623047,2.0862029149794594218292331788688898086548
2.40000,3.9321170124808140222683050524210557341576,8.1739201089947961520465469220653176307678,5.0015792623359782709258070099167525768280,5.0015792623359782709258070099167525768280,2.1028785968036531883740281045902520418167
2.50000,4.0229504682164991535842091252561658620834,8.2161360586804335071064997464418411254883,5.0621219157686372369653327041305601596832,5.0621219157686372369653327041305601596832,2.1148426953596590749384631635621190071106
2.60000,4.1119064194122998401326185557991266250610,8.2444349335151549951206106925383210182190,5.1180542917563895954913277819287031888962,5.1180542917563895954913277819287031888962,2.1202327694146760883597835345426574349403
2.70000,4.1972648858190755305486163706518709659576,8.2429941939479451917804908589459955692291,5.1611247452277950742427492514252662658691,5.1611247452277950742427492514252662658691,2.1180095893114305738436087267473340034485
2.80000,4.2780470926175073742570020840503275394440,8.2009416926622851207184794475324451923370,5.1856538303922548038826789706945419311523,5.1856538303922548038826789706945419311523,2.1076811244952842194777531403815373778343
2.90000,4.3541889604726149443081339995842427015305,8.1155908118324173727842207881622016429901,5.1903928690360636721834453055635094642639,5.1903928690360636721834453055635094642639,2.0889940342329045286362543265568092465401
3.00000,4.4265008682392643635239437571726739406586,7.9927374245790030471425779978744685649872,5.1786910938187284969558277225587517023087,5.1786910938187284969558277225587517023087,2.0618561051808104167548663099296391010284
3.10000,4.4964424407644090209146270353812724351883,7.8443790422615435886655177455395460128784,5.1571582321191211661925990483723580837250,5.1571582321191211661925990483723580837250,2.0265050187877098331057368341134861111641
3.20000,4.5657739236923564618564341799356043338776,7.6848523940011190802579221781343221664429,5.1334241124553336987901275279000401496887,5.1334241124553336987901275279000401496887,1.9837780927828077004448914522072300314903
3.30000,4.6361673858283545257563673658296465873718,7.5266505786080299955642658460419625043869,5.1138227900893502564372283814009279012680,5.1138227900893502564372283814009279012680,1.9351723842576844525353862991323694586754
3.40000,4.7088665386154362479942392383236438035965,7.3772206389793923975162215356249362230301,5.1018689148355962359460136212874203920364,5.1018689148355962359460136212874203920364,1.8823493479236357295292236813111230731010
3.50000,4.7844694242048468879602296510711312294006,7.2381924981874012914317972899880260229111,5.0981032514600252980585537443403154611588,5.0981032514600252980585537443403154611588,1.8264554194721986934979440775350667536259
3.60000,4.8628752995466273389979505736846476793289,7.1076971302748379599734107614494860172272,5.1011270873802869729729536629747599363327,5.1011270873802869729729536629747599363327,1.7683182550608917971146638592472299933434
3.70000,4.9433946751830371013625153864268213510513,6.9837998637452782801915418531280010938644,5.1088773342709368208147679979447275400162,5.1088773342709368208147679979447275400162,1.7094398703864424060583360187592916190624
3.80000,5.0249824456391287696988001698628067970276,6.8662351590341090812330548942554742097855,5.1192532749610082376534592185635119676590,5.1192532749610082376534592185635119676590,1.6527110547512209315357267769286409020424
3.90000,5.1065291429929597910586380749009549617767,6.7559924325025741964623193780425935983658,5.1300309718773791090029590122867375612259,5.1300309718773791090029590122867375612259,1.6024596317407757695150394283700734376907
4.00000,5.1871391278678018466052890289574861526489,6.6542643318904399762914181337691843509674,5.1386689954792617029966095287818461656570,5.1386689954792617029966095287818461656570,1.5640654687997190830373028802569024264812
4.10000,5.2663351077627007512660384236369282007217,6.5622045385226401847944543987978249788284,5.1425780252046822127454106521327048540115,5.1425780252046822127454106521327048540115,1.5433835958759767326142764432006515562534
4.20000,5.3441501251368022096244203567039221525192,6.4816831634959868324585841037333011627197,5.1399054714882206340575976355466991662979,5.1399054714882206340575976355466991662979,1.5460223456563482180570190394064411520958
4.30000,5.4210949662387299952115427004173398017883,6.4160046713166014598073161323554813861847,5.1303896152202232983086105377878993749619,5.1303896152202232983086105377878993749619,1.5763204071148848584016377571970224380493
4.40000,5.4980158072208196173846772580873221158981,6.3693766148520758463291713269427418708801,5.1157224764895605773062925436533987522125,5.1157224764895605773062925436533987522125,1.6359474690937738650120536476606503129005
4.50000,5.5758797016920951250540383625775575637817,6.3449264493068069370451667055021971464157,5.0991349855141612223974334483500570058823,5.0991349855141612223974334483500570058823,1.7225361799705802834381529464735649526119
4.60000,5.6555401698330820536853025259915739297867,6.3423431275436739085193948994856327772141,5.0843589416009482562230914481915533542633,5.0843589416009482562230914481915533542633,1.8291654141748592277139096040627919137478
4.70000,5.7375380252612560028069310646969825029373,6.3566811543287382590960987727157771587372,5.0744704732991436912925564683973789215088,5.0744704732991436912925564683973789215088,1.9452782329917066572733119755866937339306
4.80000,5.8219821496584511777427906054072082042694,6.3792503190388405442945440881885588169098,5.0711775042528399737307154282461851835251,5.0711775042528399737307154282461851835251,2.0588774601916113304866939870407804846764
4.90000,5.9085334997931626688227879640180617570877,6.4003493671491966665598738472908735275269,5.0748050451260713344936448265798389911652,5.0748050451260713344936448265798389911652,2.1592727766902148900385327578987926244736
5.00000,5.9964892594128800240582677361089736223221,6.4125644665448096048976367455907166004181,5.0847519218442203126073763996828347444534,5.0847519218442203126073763996828347444534,2.2395498822692490037411516823340207338333
5.10000,6.0849403190156508003383351024240255355835,6.4130283488370096733888203743845224380493,5.0999444519475121140317241952288895845413,5.0999444519475121140317241952288895845413,2.2980797639576375779313366365386173129082
5.20000,6.1729603091437956763343208876904100179672,6.4036306917599112864536436973139643669128,5.1189939581322532191620666708331555128098,5.1189939581322532191620666708331555128098,2.3386030846392005244638312433380633592606
5.30000,6.2597809255584371257441489433404058218002,6.3893106576404159469007026928011327981949,5.1401393960184638132204781868495047092438,5.1401393960184638132204781868495047092438,2.3688127911619263343823149625677615404129
5.40000,6.3449154328797074953172341338358819484711,6.3755782998924992455158644588664174079895,5.1612559165357909662930069316644221544266,5.1612559165357909662930069316644221544266,2.3979818997006261405147142795613035559654
5.50000,6.4282069228832172669285682786721736192703,6.3666472800227866812861066136974841356277,5.1801037904099418440750923764426261186600,5.1801037904099418440750923764426261186600,2.4346466220861207041536999895470216870308
5.60000,6.5097962739934240872230475360993295907974,6.3648519210280758429121306107845157384872,5.1947326739324806155195801693480461835861,5.1947326739324806155195801693480461835861,2.4851828471565386990960178081877529621124
5.70000,6.5900230496821112780025941901840269565582,6.3710410626523303889712224190589040517807,5.2037884172370203472723915183451026678085,5.2037884172370203472723915183451026678085,2.5534872778604014165182434226153418421745
5.80000,6.6692873441114155497189130983315408229828,6.3851037021247840641535731265321373939514,5.2065192156040431825658743036910891532898,5.2065192156040431825658743036910891532898,2.6413526150281128046515277674188837409019
5.90000,6.7479088556940816090445878216996788978577,6.4056749561344563659304185421206057071686,5.2024851912292202626986181712709367275238,5.2024851912292202626986181712709367275238,2.7486134293700970054885601712157949805260
6.00000,6.8260192809242354883281223010271787643433,6.4289137611135904748493885563220828771591,5.1911777292288396878916501009371131658554,5.1911777292288396878916501009371131658554,2.8725775835801461433050008054124191403389
6.10000,6.9035153366010977293854011804796755313873,6.4485803410074167274501633073668926954269,5.1718053883207586451931092597078531980515,5.1718053883207586451931092597078531980515,3.0084849009669971664493459684308618307114
6.20000,6.9800844546591696015980232914444059133530,6.4581920585579899452000063320156186819077,5.1433615005751809334810786822345107793808,5.1433615005751809334810786822345107793808,3.1515535120667976798358722589910030364990
6.30000,7.0552973371673592950514830590691417455673,6.4525756596413312848881105310283601284027,5.1048677639229422808853087190072983503342,5.1048677639229422808853087190072983503342,3.2981374689628060181689761520829051733017
6.40000,7.1287454974251271977436772431246936321259,6.4283952894815872269873580080457031726837,5.0555909097924809358914899348746985197067,5.0555909097924809358914899348746985197067,3.4459589673217534411264750815462321043015
6.50000,7.2001911563920364400814833061303943395615,6.3841534551201899461148059344850480556488,4.9951546067632763836741105478722602128983,4.9951546067632763836741105478722602128983,3.5940353979856740629372779949335381388664
6.60000,7.2696932690038318369829539733473211526871,6.3202690898910871553084689367096871137619,4.9236884585153664062318057403899729251862,4.9236884585153664062318057403899729251862,3.7425854418641861798278114292770624160767
6.70000,7.3376772817666315873452731466386467218399,6.2395724243075729731344836181960999965668,4.8422369519369414803122708690352737903595,4.8422369519369414803122708690352737903595,3.8927758022003207116767953266389667987823
6.80000,7.4049266519072896031161690189037472009659,6.1483074236113681720894419413525611162186,4.7534787645115716969712593709118664264679,4.7534787645115716969712593709118664264679,4.0462765464955143812630922184325754642487
6.90000,7.4724896473174284849960713472682982683182,6.0572937024572111042175492912065237760544,4.6624787069162323405180359259247779846191,4.6624787069162323405180359259247779846191,4.2048259359421749081775487866252660751343
7.00000,7.5415130553930636025938838429283350706100,5.9822473973358167853575650951825082302094,4.5769294591203699695824980153702199459076,4.5769294591203699695824980153702199459076,4.3699015344881386724296135071199387311935
7.10000,7.6130313916849869926295468758326023817062,5.9419153787441478797859417682047933340073,4.5063249508544434007717427448369562625885,4.5063249508544434007717427448369562625885,4.5422968687202489590504228544887155294418
7.20000,7.6877511690561863844095569220371544361115,5.9531095008737304752344243752304464578629,4.4598455354861430421919976652134209871292,4.4598455354861430421919976652134209871292,4.7211695989576307752599859668407589197159
7.30000,7.7658705648662911258384156099054962396622,6.0238974125282629401567646709736436605453,4.4434594073752098353224937454797327518463,4.4434594073752098353224937454797327518463,4.9028491626441352835286124900449067354202
7.40000,7.8469645395532729992282838793471455574036,6.1496606923079362161388417007401585578918,4.4575862861162036665518826339393854141235,4.4575862861162036665518826339393854141235,5.0814526596288018822633603122085332870483
7.50000,7.9299481554748423306477889127563685178757,6.3154315199241821687792253214865922927856,4.4967726813058881418783130357041954994202,4.4967726813058881418783130357041954994202,5.2518343127872491038488078629598021507263
7.60000,8.0131140459104539530699184979312121868134,6.5020526737731820787757897051051259040833,4.5516192606150687183230729715432971715927,4.5516192606150687183230729715432971715927,5.4119281984534985951995622599497437477112
7.70000,8.0942305931087279446956017636694014072418,6.6920711741293157359677934437058866024017,4.6117367672804512324091774644330143928528,4.6117367672804512324091774644330143928528,5.5628282326771421040234599786344915628433
7.80000,8.1706875921887416325262165628373622894287,6.8734044741198250250135970418341457843781,4.6682427408696200998861058906186372041702,4.6682427408696200998861058906186372041702,5.7076065845693273459460215235594660043716
7.90000,8.2396825145047110083851293893530964851379,7.0404927585267120804246587795205414295197,4.7150692220156855682944296859204769134521,4.7150692220156855682944296859204769134521,5.8500368290000510640425090969074517488480
8.00000,8.2984463473076051087673477013595402240753,7.1934718325900339763734336884226649999619,4.7491213100190563523028686176985502243042,4.7491213100190563523028686176985502243042,5.9936755598595263805350441543851047754288
8.10000,8.3445074846080835584416490746662020683289,7.3352975063948520073608960956335067749023,4.7696832595854257164091904996894299983978,4.7696832595854257164091904996894299983978,6.1404384718320841329841641709208488464355
8.20000,8.3759828373064593165508995298296213150024,7.4689552592901318206486394046805799007416,4.7775172892195705287576856790110468864441,4.7775172892195705287576856790110468864441,6.2899035181574500796841675764881074428558
8.30000,8.3918691444146293889616572414524853229523,7.5966491707502807884111462044529616832733,4.7740167909259243472774869587738066911697,4.7740167909259243472774869587738066911697,6.4404847333130623709962492284830659627914
8.40000,8.3922897550697221902282763039693236351013,7.7183405401314546523394710675347596406937,4.7606606252957703873107675462961196899414,4.7606606252957703873107675462961196899414,6.5893090446096369561246319790370762348175
8.50000,8.3786396510126088799097487935796380043030,7.8317248217090504880388834862969815731049,4.7388868647974042858095344854518771171570,4.7388868647974042858095344854518771171570,6.7325907431268499081511436088476330041885
8.60000,8.3535704050518955199322590488009154796600,7.9333059758005584072293459030333906412125,4.7103347608789434275422536302357912063599,4.7103347608789434275422536302357912063599,6.8662068590945670720770976913627237081528
8.70000,8.3207717598480090970269884564913809299469,8.0199394385026465670307516120374202728271,4.6772145477055087070539229898713529109955,4.6772145477055087070539229898713529109955,6.9862821029396391381283137889113277196884
8.80000,8.2845400037104433010881621157750487327576,8.0900193033318945623477702611126005649567,4.6424634156920285832370609568897634744644,4.6424634156920285832370609568897634744644,7.0896324756582815851402301632333546876907
8.90000,8.2491740368918602399617157061584293842316,8.1436227947166788254662606050260365009308,4.6094217094378366894602550019044429063797,4.6094217094378366894602550019044429063797,7.1739534127328656865074663073755800724030
9.00000,8.2182995790468300612019447726197540760040,8.1816043429600444625293675926513969898224,4.5810057473605816369399690302088856697083,4.5810057473605816369399690302088856697083,7.2378924272857112498513743048533797264099
9.10000,8.1942713576827301835692196618765592575073,8.2045397320297226428920112084597349166870,4.5586728973715731072502421739045530557632,4.5586728973715731072502421739045530557632,7.2814652949693075001391662226524204015732
9.20000,8.1778150260977096053238710737787187099457,8.2124841816735028032780974172055721282959,4.5417084730559817984385517775081098079681,4.5417084730559817984385517775081098079681,7.3068822616592496999032846360933035612106
9.30000,8.1680238373555731357100739842280745506287,8.2055462930885507688572033657692372798920,4.5273083869171211190973735938314348459244,4.5273083869171211190973735938314348459244,7.3189533566098816663725301623344421386719
9.40000,8.1627265114298861448105526505969464778900,8.1844587799867269950482295826077461242676,4.5115320312269115987646728171966969966888,4.5115320312269115987646728171966969966888,7.3241212289627899423294365988112986087799
9.50000,8.1591335457576423806358434376306831836700,8.1503813073651532050689638708718121051788,4.4907150457391509235094417817890644073486,4.4907150457391509235094417817890644073486,7.3280847616444946268643434450495988130569
9.60000,8.1545972784237683583796751918271183967590,8.1038928189850203409605455817654728889465,4.4627196585157999919601934379898011684418,4.4627196585157999919601934379898011684418,7.3330507803771878272414141974877566099167
9.70000,8.1473006763749538094998570159077644348145,8.0439339713530468856106381281279027462006,4.4275559390352183797290308575611561536789,4.4275559390352183797290308575611561536789,7.3361227696575648238308531290385872125626
9.80000,8.1367048913766879536524356808513402938843,7.9677354690727080210876920318696647882462,4.3872543213767309921991000010166317224503,4.3872543213767309921991000010166317224503,7.3299317176959348785203474108129739761353
9.90000,8.1236329063036905040462443139404058456421,7.8722023212859584262446333013940602540970,4.3451962347583279466789463185705244541168,4.3451962347583279466789463185705244541168,7.3054427580729948132898243784438818693161
10.00000,8.1099600529002078275198073242790997028351,7.7561733371064320863297325558960437774658,4.3052702575102284043850886519066989421844,4.3052702575102284043850886519066989421844,7.2555928749861839932577822764869779348373
10.10000,8.0980103982298849984999833395704627037048,7.6223064332127146158768482564482837915421,4.2711602820453586915050436800811439752579,4.2711602820453586915050436800811439752579,7.1779962673518831195451639359816908836365
10.20000,8.0898756799359770042201489559374749660492,7.4775595719046661358220262627582997083664,4.2458923270158717144795446074567735195160,4.2458923270158717144795446074567735195160,7.0756505978088979347262466035317629575729
10.30000,8.0869245819725659174537213402800261974335,7.3320107759071166952935527660883963108063,4.2316405274430142213759609148837625980377,4.2316405274430142213759609148837625980377,6.9556543029936541699953522766008973121643
10.40000,8.0897027509906695996733105857856571674347,7.1964738064724915744818645180203020572662,4.2297524019334078460019554768223315477371,4.2297524019334078460019554768223315477371,6.8266717535963445939728444500360637903214
10.50000,8.0982324892635553226227784762158989906311,7.0797624603721560632152431935537606477737,4.2409157220296425094829828594811260700226,4.2409157220296425094829828594811260700226,6.6961635055764272550504756509326398372650
10.60000,8.1125002583054115490313051850534975528717,6.9865787834407555578764004167169332504272,4.2653382402530466421808341692667454481125,4.2653382402530466421808341692667454481125,6.5684025612400747107244569633621722459793
10.70000,8.1328149359588959299571797600947320461273,6.9168636765487327977552922675386071205139,4.3028136871502775662179374194238334894180,4.3028136871502775662179374194238334894180,6.4440512382070735952765971887856721878052
10.80000,8.1597922386355463686413713730871677398682,6.8669293540846361167950817616656422615051,4.3526292613888921678721999342087656259537,4.3526292613888921678721999342087656259537,6.3214630699423990378704729664605110883713
10.90000,8.1939143537351135648805211530998349189758,6.8317608647225727125373850867617875337601,4.4133696899315486561476973292883485555649,4.4133696899315486561476973292883485555649,6.1989358385945898533009312814101576805115
11.00000,8.2348334546734598404782445868477225303650,6.8070934191754952635733388888183981180191,4.4827221383485369443633317132480442523956,4.4827221383485369443633317132480442523956,6.0764825971518803271465003490447998046875
11.10000,8.2807467306634929826714142109267413616180,6.7900168896270631790912375436164438724518,4.5573950930099496048342189169488847255707,4.5573950930099496048342189169488847255707,5.9559734342706569520942139206454157829285
11.20000,8.3281817510321047848265152424573898315430,6.7779523811064805727255588863044977188110,4.6332806249174165458271090756170451641083,4.6332806249174165458271090756170451641083,5.8395728823037531540762756776530295610428
11.30000,8.3723513494130035184070948162116110324860,6.7673779287403137416845311236102133989334,4.7059587947975218824581133958417922258377,4.7059587947975218824581133958417922258377,5.7278116885582743833538188482634723186493
11.40000,8.4079595717659607601035531843081116676331,6.7539566679085147882233286509290337562561,4.7714521903607245434386641136370599269867,4.7714521903607245434386641136370599269867,5.6190118589530255732711339078377932310104
11.50000,8.4301536566344417167329083895310759544373,6.7341065476057275773769106308463960886002,4.8269081609008051003684158786199986934662,4.8269081609008051003684158786199986934662,5.5104438824385590933729872631374746561050
11.60000,8.4353210687620006069664668757468461990356,6.7069522679862432212871681258548051118851,4.8708978543730010457579737703781574964523,4.8708978543730010457579737703781574964523,5.4004776280022426249161071609705686569214
11.70000,8.4215604471835572297777616768144071102142,6.6753015977807113046083031804300844669342,4.9032719860176303683374499087221920490265,4.9032719860176303683374499087221920490265,5.2903180729290069095327453396748751401901
11.80000,8.3887954526278107891812396701425313949585,6.6445925130840493011419312097132205963135,4.9247534337364919920787542650941759347916,4.9247534337364919920787542650941759347916,5.1838810982388769943440820497926324605942
11.90000,8.3385899078987471000345976790413260459900,6.6201452129667703871973571949638426303864,4.9365276870948555654194933595135807991028,4.9365276870948555654194933595135807991028,5.0856797466758054682145484548527747392654
12.00000,8.2737576489665958234809295390732586383820,6.6045355490656669772420173103455454111099,4.9400266296606485383335893857292830944061,4.9400266296606485383335893857292830944061,4.9982399387109648358773483778350055217743
12.10000,8.1978610792827328879184278775937855243683,6.5968292215698607350304882857017219066620,4.9369597352085525798770504479762166738510,4.9369597352085525798770504479762166738510,4.9207708304354875750163955672178417444229
12.20000,8.1146788189978806826729851309210062026978,6.5937390745985346995894360588863492012024,4.9295019000608597536938759731128811836243,4.9295019000608597536938759731128811836243,4.8494140934746958748746692435815930366516
12.30000,8.0277070182040830559344612993299961090088,6.5915611262137181469711322279181331396103,4.9204514035823843087769091653171926736832,4.9204514035823843087769091653171926736832,4.7783653372530316971733554964885115623474
12.40000,7.9397464874171053139662035391665995121002,6.5881602734304633983697385701816529035568,4.9131524428479798061175642942544072866440,4.9131524428479798061175642942544072866440,4.7016018751516082119223938207142055034637
12.50000,7.8526199127065812177761472412385046482086,6.5843884130457785985868213174398988485336,4.9110509592414040014318743487820029258728,4.9110509592414040014318743487820029258728,4.6149064072695509253208001609891653060913
12.60000,7.7670554939959792761783319292590022087097,6.5838039699745971589095461240503937005997,4.9169257485497697146570317272562533617020,4.9169257485497697146570317272562533617020,4.5170079668710361175953948986716568470001
12.70000,7.6827571948561281800493816263042390346527,6.5905309748974758576878230087459087371826,4.9320601518764046744536244659684598445892,4.9320601518764046744536244659684598445892,4.4091678660007955770083754032384604215622
12.80000,7.5986524743030781081642999197356402873993,6.6066321219189347857536631636321544647217,4.9557537621409384342996418126858770847321,4.9557537621409384342996418126858770847321,4.2937770719401351371402597578708082437515
12.90000,7.5132706223403786793824110645800828933716,6.6307757234450521721669247199315577745438,4.9854717530186523077873061993159353733063,4.9854717530186523077873061993159353733063,4.1731028397481262359747233858797699213028
13.00000,7.4251727710982526886596133408602327108383,6.6590384384603718004314032441470772027969,5.0176142182770169242189695069100707769394,5.0176142182770169242189695069100707769394,4.0489827730045897524746578710619360208511
13.10000,7.3333432092392856205265161406714469194412,6.6872342747748350078040857624728232622147,5.0485785385818156001391798781696707010269,5.0485785385818156001391798781696707010269,3.9234204068504889839630322967423126101494
13.20000,7.2374659308271072077900498697999864816666,6.7134922848606022327544451400171965360641,5.0756854549097987217010086169466376304626,5.0756854549097987217010086169466376304626,3.7995873058681128853208974760491400957108
13.30000,7.1380426028694854423406468413304537534714,6.7403978511669659923200015327893197536469,5.0976562907891223019873905286658555269241,5.0976562907891223019873905286658555269241,3.6831278724582072747750771668506786227226
13.40000,7.0363441531040615828374029661063104867935,6.7720615294512791493275472021196037530899,5.1145497686835312833864009007811546325684,5.1145497686835312833864009007811546325684,3.5793061451882786094813582167262211441994
13.50000,6.9342169260637831484928028658032417297363,6.8048054285106509553315845550969243049622,5.1272799273934257513474221923388540744781,5.1272799273934257513474221923388540744781,3.4844624997875817129511233360972255468369
13.60000,6.8337827794873797770947021490428596735001,6.8332219514019039152685763838235288858414,5.1369702040980449453400069614872336387634,5.1369702040980449453400069614872336387634,3.3930643226931933575940547598293051123619
13.70000,6.7370839311740224886193573183845728635788,6.8523864315739047015085816383361816406250,5.1444110075023434802687916089780628681183,5.1444110075023434802687916089780628681183,3.3006483477432397855011458887020125985146
13.80000,6.6457322385813810683430347125977277755737,6.8585525649445031604045652784407138824463,5.1497868090650893435622492688708007335663,5.1497868090650893435622492688708007335663,3.2047111853957046534446817531716078519821
13.90000,6.5606288812354005557381242397241294384003,6.8503923121137413332348842232022434473038,5.1526997482657757032598055957350879907608,5.1526997482657757032598055957350879907608,3.1056216968175895942749775713309645652771
14.00000,6.4818176894607191229624731931835412979126,6.8299067211446242708916543051600456237793,5.1524264366798258052426717767957597970963,5.1524264366798258052426717767957597970963,3.0068715372456900070119445445016026496887
14.10000,6.4085150746911834218622061598580330610275,6.8024168080172069394961908983532339334488,5.1483155583515785025383593165315687656403,5.1483155583515785025383593165315687656403,2.9143007660052324681032587250228971242905
14.20000,6.3393195494673104661842444329522550106049,6.7755174703518310508343347464688122272491,5.1402128388242704915001013432629406452179,5.1402128388242704915001013432629406452179,2.8344113421706000899291666428325697779655
14.30000,6.2725543195461241907651128713041543960571,6.7575127562631331912257337535265833139420,5.1287601786959449157166091026738286018372,5.1287601786959449157166091026738286018372,2.7725467184173662182899988692952319979668
14.40000,6.2066566031566727801305205503012984991074,6.7558256886423828646570655109826475381851,5.1154075087124697418516916513908654451370,5.1154075087124697418516916513908654451370,2.7316672743741170492626224586274474859238
14.50000,6.1405143455640214256163744721561670303345,6.7755276858794797334439863334409892559052,5.1020684763637307312933444336522370576859,5.1020684763637307312933444336522370576859,2.7119050787160401405628817883552983403206
14.60000,6.0736695499592032732039115217048674821854,6.8181310792153126953962782863527536392212,5.0905348973077293450728575407993048429489,5.0905348973077293450728575407993048429489,2.7107308345590568343652648763963952660561
14.70000,6.0063482571430366618869811645708978176117,6.8811516014119877837629246641881763935089,5.0819293961577054474787473736796528100967,5.0819293961577054474787473736796528100967,2.7236410662396131066032012313371524214745
14.80000,5.9393240987216664450443204259499907493591,6.9590536011556993756244082760531455278397,5.0764886004485791914930814527906477451324,5.0764886004485791914930814527906477451324,2.7454004989802069935933559463592246174812
14.90000,5.8736607642622553626665649062488228082657,7.0453684324318714971013832837343215942383,5.0737877417220582643153647950384765863419,5.0737877417220582643153647950384765863419,2.7714537132500103311372185999061912298203
15.00000,5.8103999690476717532305883651133626699448,7.1345467609226620453455325332470238208771,5.0732383396658775609466829337179660797119,5.0732383396658775609466829337179660797119,2.7984700506385786766827550309244543313980
15.10000,5.7502632700455853509424741787370294332504,7.2220748112596302448196183831896632909775,5.0744936259549513479782945069018751382828,5.0744936259549513479782945069018751382828,2.8233508293953128998055035481229424476624
15.20000,5.6934223811096416056898306123912334442139,7.3037806127848217130349439685232937335968,5.0774241934289614519570932316128164529800,5.0774241934289614519570932316128164529800,2.8423546070365413029890078178141266107559
15.30000,5.6393724516999341744849516544491052627563,7.3760743822481105169686088629532605409622,5.0815893731272403499588108388707041740417,5.0815893731272403499588108388707041740417,2.8522680876935631033575191395357251167297
15.40000,5.5869243161433290723039135627914220094681,7.4361395488140642484609088569413870573044,5.0854834233806052168347378028556704521179,5.0854834233806052168347378028556704521179,2.8520970181961837752737665141467005014420
15.50000,5.5343167887461515164204683969728648662567,7.4811756278355936444768303772434592247009,5.0860466663113355068048804241698235273361,5.0860466663113355068048804241698235273361,2.8433990839590741472875379258766770362854
15.60000,5.4794358759027996796930892742238938808441,7.5074564640814474003605027974117547273636,5.0788333720929585979320108890533447265625,5.0788333720929585979320108890533447265625,2.8292255957983298841895702935289591550827
15.70000,5.4201132214577469881078286562114953994751,7.5101547647234010440797646879218518733978,5.0588697553177794929979427251964807510376,5.0588697553177794929979427251964807510376,2.8125284755455890461917078937403857707977
15.80000,5.3544640031084682618711667601019144058228,7.4842302973814955890929923043586313724518,5.0218645812347553203380812192335724830627,5.0218645812347553203380812192335724830627,2.7949651380204532102879966259934008121490
15.90000,5.2812187724076116168703265429940074682236,7.4261479987994318818778083368670195341110,4.9652910245200283512190253532025963068008,4.9652910245200283512190253532025963068008,2.7767847221669859081316644733306020498276
16.00000,5.2000067453685430152177104901056736707687,7.3356346387702391353968778275884687900543,4.8889865106164318575565630453638732433319,4.8889865106164318575565630453638732433319,2.7576683629059188795906720770290121436119
16.10000,5.1115625404208282489548764715436846017838,7.2164867470537279459108503942843526601791,4.7951800844364447229395409522112458944321,4.7951800844364447229395409522112458944321,2.7376891186016667489866449614055454730988
16.20000,5.0178838784134853767682216130197048187256,7.0760011321644302739741760888136923313141,4.6880779230604634477685976889915764331818,4.6880779230604634477685976889915764331818,2.7177291644569891992944121739128604531288
16.30000,4.9225410903575044230251478438731282949448,6.9231858744710130793009739136323332786560,4.5732157327084621556423371657729148864746,4.5732157327084621556423371657729148864746,2.6992954994115923028630277258343994617462
16.40000,4.8282513300113993892637154203839600086212,6.7664357895567226464095256233122199773788,4.4567290561808921012243445147760212421417,4.4567290561808921012243445147760212421417,2.6812290072063387214029717142693698406219
16.50000,4.7371966765936504017986408143769949674606,6.6117151611350388762389229668769985437393,4.3445902609080091494320186029653996229172,4.3445902609080091494320186029653996229172,2.6597313159126705350843167252605780959129
16.60000,4.6520357181670526358630013419315218925476,6.4621699565956625121998513350263237953186,4.2418255535751505647112935548648238182068,4.2418255535751505647112935548648238182068,2.6305545676124140186402655672281980514526
16.70000,4.5749402500788143299814691999927163124084,6.3192826655764475773935373581480234861374,4.1518018145682633601722955063451081514359,4.1518018145682633601722955063451081514359,2.5906192865187356311196253955131396651268
16.80000,4.5071027432631671771900983003433793783188,6.1846369437193091656013166357297450304031,4.0757883099554739203540520975366234779358,4.0757883099554739203540520975366234779358,2.5401630670715285020833107409998774528503
16.90000,4.4485658284908184967321176372934132814407,6.0609965284672187024739287153352051973343,4.0130116167167191321141217486001551151276,4.0130116167167191321141217486001551151276,2.4835391235245989349778028554283082485199
17.00000,4.3983913868280799519538959430065006017685,5.9520057403998372080877743428573012351990,3.9612606627615423171562269999412819743156,3.9612606627615423171562269999412819743156,2.4278758017048329698184261360438540577888
17.10000,4.3551058445053376644295894948299974203110,5.8608142422064162246897467412054538726807,3.9178475938273056300431562704034149646759,3.9178475938273056300431562704034149646759,2.3802248990571430731222335452912375330925
17.20000,4.3172487675712494237245664407964795827866,5.7886688542737081419886635558214038610458,3.8805632200678483734179735620273277163506,3.8805632200678483734179735620273277163506,2.3447911817092599306988631724379956722260
17.30000,4.2838086668787962452142892288975417613983,5.7345759219285614705086118192411959171295,3.8482858804314017397985026036622002720833,3.8482858804314017397985026036622002720833,2.3218128279445537920366859907517209649086
17.40000,4.2543857277417913564931950531899929046631,5.6963355344279991143707775336224585771561,3.8210678871303462855735233461018651723862,3.8210678871303462855735233461018651723862,2.3085854879090978997169258946087211370468
17.50000,4.2290457050552179296687427267897874116898,5.6720462019656192609318168251775205135345,3.7997212379831721840162117587169632315636,3.7997212379831721840162117587169632315636,2.3016494310544928225681360345333814620972
17.60000,4.2079639527673604604274260054808109998703,5.6606696023085394386953339562751352787018,3.7850777869573946077252912800759077072144,3.7850777869573946077252912800759077072144,2.2984779811611097954937577014788985252380
17.70000,4.1910489923495690689492221281398087739944,5.6610061694489628436599559790920466184616,3.7771951664582137375703041470842435956001,3.7771951664582137375703041470842435956001,2.2976648288821048815577796631259843707085
17.80000,4.1777432399785805472447464126162230968475,5.6697696721109611672773098689503967761993,3.7748165451744188914062760886736214160919,3.7748165451744188914062760886736214160919,2.2978798217407039317095041042193770408630
17.90000,4.1671174072390755327432998456060886383057,5.6803054228462448449477051326539367437363,3.7753460413393775674251173768425360321999,3.7753460413393775674251173768425360321999,2.2967307474065652428407702245749533176422
18.00000,4.1582436979010131139489203633274883031845,5.6833828424021746172911662142723798751831,3.7754649051615540855664221453480422496796,3.7754649051615540855664221453480422496796,2.2906967299800800041964521369663998484612
18.10000,4.1507136895824210398586728842929005622864,5.6705044133004349760085460729897022247314,3.7723273211970216323152271797880530357361,3.7723273211970216323152271797880530357361,2.2765634604888136394151842978317290544510
18.20000,4.1450836615073338720094398013316094875336,5.6388065621703384877605458314064890146255,3.7650809179547497507201114785857498645782,3.7650809179547497507201114785857498645782,2.2537283877681724142405528255039826035500
18.30000,4.1430131251193040853308957593981176614761,5.5952559970284863055667301523499190807343,3.7562543773202947683387264987686648964882,3.7562543773202947683387264987686648964882,2.2257603675072012983093827642733231186867
18.40000,4.1469633315822642671832909400109201669693,5.5565512428715893022967975412029772996902,3.7523470333273589716327478527091443538666,3.7523470333273589716327478527091443538666,2.1988205077991360703038026258582249283791
18.50000,4.1595284570945203483915975084528326988220,5.5429504679290557689341767400037497282028,3.7628784719484231757746783841866999864578,3.7628784719484231757746783841866999864578,2.1767219811267297657764174800831824541092
18.60000,4.1826824972647136391401545552071183919907,5.5714552764948868102123924472834914922714,3.7975913685539453013007005210965871810913,3.7975913685539453013007005210965871810913,2.1589550366517102908403558103600516915321
18.70000,4.2172500949892439692234802350867539644241,5.6537192312473729671751243586186319589615,3.8627467416569460922914913680870085954666,3.8627467416569460922914913680870085954666,2.1454758429227251959048317075939849019051
18.80000,4.2627211651256331492731987964361906051636,5.7953057992411549648181789962109178304672,3.9586259122284617184561739122727885842323,3.9586259122284617184561739122727885842323,2.1407751399098651212682398181641474366188
18.90000,4.3173459359032699822478207352105528116226,5.9918640580536282058687902463134378194809,4.0796846451570303315747878514230251312256,4.0796846451570303315747878514230251312256,2.1498407036428366367886155785527080297470
19.00000,4.3784034308161592363717318221461027860641,6.2297506284674684096103192132432013750076,4.2166986126983285743108353926800191402435,4.2166986126983285743108353926800191402435,2.1747568338869709414495901000918820500374
19.10000,4.4425617777727488544314837781712412834167,6.4924211518327190617583255516365170478821,4.3592078340575994843675289303064346313477,4.3592078340575994843675289303064346313477,2.2165672614902680592763317690696567296982
19.20000,4.5062658355949949395835574250668287277222,6.7624328874250512200205776025541126728058,4.4972222396441301484060204529669135808945,4.4972222396441301484060204529669135808945,2.2742542437317854187028842716244980692863
19.30000,4.5660955154115701049022391089238226413727,7.0207337291895166586641607864294201135635,4.6221182791953818735919412574730813503265,4.6221182791953818735919412574730813503265,2.3425926862103221282040976802818477153778
19.40000,4.6190551581459278196462037158198654651642,7.2481726908203505388428311562165617942810,4.7270760712358876887151382106821984052658,4.7270760712358876887151382106821984052658,2.4130757064945029810587584506720304489136
19.50000,4.6627817670047422282664228987414389848709,7.4288421414975065459884717711247503757477,4.8073477537613689136719585803803056478500,4.8073477537613689136719585803803056478500,2.4769284009795113910001873591681942343712
19.60000,4.6956848374396429335320135578513145446777,7.5527322082576215933613639208488166332245,4.8604386944049373653342627221718430519104,4.8604386944049373653342627221718430519104,2.5275396568873902403140618844190612435341
19.70000,4.7170361480435225587370950961485505104065,7.6168387172266616147453532903455197811127,4.8861456348950209616077700047753751277924,4.8861456348950209616077700047753751277924,2.5615835954801426943561182270059362053871
19.80000,4.7270102810084626554498754558153450489044,7.6247038151395134519816565443761646747589,4.8863873923467409099430369678884744644165,4.8863873923467409099430369678884744644165,2.5789393114544933993670383642893284559250
19.90000,4.7266703940780434578528002020902931690216,7.5847283261937059606339062156621366739273,4.8648407162666229552883123687934130430222,4.8648407162666229552883123687934130430222,2.5817172877385035079100816801656037569046
20.00000,4.7179331911198181259692319144960492849350,7.5079326083313118189721535600256174802780,4.8264818896142180904007545905187726020813,4.8264818896142180904007545905187726020813,2.5729020202226933200506664434215053915977
20.10000,4.7035501126127190474335293401964008808136,7.4057345396683702531959170300979167222977,4.7771651277301163673882911098189651966095,4.7771651277301163673882911098189651966095,2.5549543968208570099420740007190033793449
20.20000,4.6870360544944693614866082498338073492050,7.2885281821542120539447751070838421583176,4.7233014684978975594731309683993458747864,4.7233014684978975594731309683993458747864,2.5289612996528854083067017199937254190445
20.30000,4.6724073339564000661994214169681072235107,7.1663600911159566209107651957310736179352,4.6715552333243675064977651345543563365936,4.6715552333243675064977651345543563365936,2.4956569584236212300254464935278519988060
20.40000,4.6636675046054030246978072682395577430725,7.0502161165651653362829165416769683361053,4.6283516630222383270165664725936949253082,4.6283516630222383270165664725936949253082,2.4571802951260917069475908647291362285614
20.50000,4.6641273862078023171306995209306478500366,6.9518719710890435337091730616521090269089,4.5990420970490353269610750430729240179062,4.5990420970490353269610750430729240179062,2.4179151631987756410069323464995250105858
20.60000,4.6757663819824548667725139239337295293808,6.8813110375247896755013243819121271371841,4.5868650631864884559263373375870287418365,4.5868650631864884559263373375870287418365,2.3833472931342671863319537806091830134392
20.70000,4.6988699335978534321611732593737542629242,6.8428314627157504901333595626056194305420,4.5921770701757322896696678071748465299606,4.5921770701757322896696678071748465299606,2.3573472559621397870444070576922968029976
20.80000,4.7320839364461413367735076462849974632263,6.8336289579957210094107722397893667221069,4.6124409049627104195678839460015296936035,4.6124409049627104195678839460015296936035,2.3408310845164423952269316941965371370316
20.90000,4.7728568733306584448428111500106751918793,6.8462834801511585069988541363272815942764,4.6430488031392602721325602033175528049469,4.6430488031392602721325602033175528049469,2.3330427472032972957549645798280835151672
21.00000,4.8180957960224937153270730050280690193176,6.8721688488240308956278568075504153966904,4.6785750055580477280159357178490608930588,4.6785750055580477280159357178490608930588,2.3331146337304282667446386767551302909851
21.10000,4.8648199223479346997578431910369545221329,6.9033301397587205627814910258166491985321,4.7138859668748427367290787515230476856232,4.7138859668748427367290787515230476856232,2.3403781283569706772595964139327406883240
21.20000,4.9106604014059014318149820610415190458298,6.9327317335011082732876275258604437112808,4.7447263052056438681347572128288447856903,4.7447263052056438681347572128288447856903,2.3539395244957215247438853111816570162773
21.30000,4.9542084888561230826553583028726279735565,6.9538353407322883725782958208583295345306,4.7677477309244222780648669868241995573044,4.7677477309244222780648669868241995573044,2.3725483677395677872823398502077907323837
21.40000,4.9949495760834983215659121924545615911484,6.9604738831571060231340197788085788488388,4.7802594922180379199971866910345852375031,4.7802594922180379199971866910345852375031,2.3949044748045293928839782893192023038864
21.50000,5.0327146592192315566194338316563516855240,6.9475442386895940316549058479722589254379,4.7801180622608727688316321291495114564896,4.7801180622608727688316321291495114564896,2.4200227733870804947002852713922038674355
21.60000,5.0682949654780182768831764406058937311172,6.9125304671451077709320998110342770814896,4.7660718062526816751756086887326091527939,4.7660718062526816751756086887326091527939,2.4486818201177631415532687242375686764717
21.70000,5.1034499089357669987521148868836462497711,6.8573097789869130735951330279931426048279,4.7385701350064968195852088683750480413437,4.7385701350064968195852088683750480413437,2.4836194179096868772660400281893089413643
21.80000,5.1407923829114086089475676999427378177643,6.7891817449453020216765253280755132436752,4.7006906078389247838344999763648957014084,4.7006906078389247838344999763648957014084,2.5285929121788601747766733751632273197174
21.90000,5.1834944990676721232603085809387266635895,6.7201211148524278016225252940785139799118,4.6586180935372984990294753515627235174179,4.6586180935372984990294753515627235174179,2.5863794268455033709130930219544097781181
22.00000,5.2347429171300587924520186788868159055710,6.6641570288533129584607195283751934766769,4.6211416171827011112327454611659049987793,4.6211416171827011112327454611659049987793,2.6566167116179686402688275848049670457840
22.10000,5.2970236682791673743508908955845981836319,6.6339682209849240024368555168621242046356,4.5979515275390907547148344747256487607956,4.5979515275390907547148344747256487607956,2.7350888341859103114472873130580410361290
22.20000,5.3714504282322472761279641417786478996277,6.6383034342154685347736631229054182767868,4.5971072440387352742163784569129347801208,4.5971072440387352742163784569129347801208,2.8155393743702448183796605007955804467201
22.30000,5.4573796993936518617829278809949755668640,6.6814790633901939287397908628918230533600,4.6226986539517262997378566069528460502625,4.6226986539517262997378566069528460502625,2.8934614548803931910470055299811065196991
22.40000,5.5524491411319649714073420909699052572250,6.7649628304154028057837422238662838935852,4.6738602306284482423848203325178474187851,4.6738602306284482423848203325178474187851,2.9696915102904721805998633499257266521454
22.50000,5.6530030150143577571952846483327448368073,6.8832501013693176972196852148044854402542,4.7454787962402749101897825312335044145584,4.7454787962402749101897825312335044145584,3.0452955239031256340354048006702214479446
22.60000,5.7547388042952034581389852974098175764084,7.0217729599011162733290802862029522657394,4.8298246908271789124000861193053424358368,4.8298246908271789124000861193053424358368,3.1168623825419623507571031950647011399269
22.70000,5.8533766594269689420571012306027114391327,7.1650264489006101342738475068472325801849,4.9180675781424705306221767386887222528458,4.9180675781424705306221767386887222528458,3.1822679520426393473542248102603480219841
22.80000,5.9452050433327272571659705135971307754517,7.2983801914630710427900339709594845771790,5.0012392431910495105285008321516215801239,5.0012392431910495105285008321516215801239,3.2411067484136988348097929701907560229301
22.90000,6.0274450886404666860585166432429105043411,7.4086598248991339943358980235643684864044,5.0708435395448931970463490870315581560135,5.0708435395448931970463490870315581560135,3.2944178344498147303909263428067788481712
23.00000,6.0984543966687132510173796617891639471054,7.4848349232365487537776971294078975915909,5.1195104464220806406160590995568782091141,5.1195104464220806406160590995568782091141,3.3442684270610998353845388919580727815628
23.10000,6.1578244109749462609215697739273309707642,7.5188961479790483721785676607396453619003,5.1419195331070985943711093568708747625351,5.1419195331070985943711093568708747625351,3.3928814927397974443579187209252268075943
23.20000,6.2064039876927958871988266764674335718155,7.5069441180475147135098268336150795221329,5.1359067049694617779209693253505975008011,5.1359067049694617779209693253505975008011,3.4415346958013870448667148593813180923462
23.30000,6.2462246525091460469525372900534421205521,7.4504640096797505322001597960479557514191,5.1033941376575260306935888365842401981354,5.1033941376575260306935888365842401981354,3.4899003868738440736763095628703013062477
23.40000,6.2802569938439605223834405478555709123611,7.3571700910981840948466015106532722711563,5.0506469068371391273331028060056269168854,5.0506469068371391273331028060056269168854,3.5361332712678659184746265964349731802940
23.50000,6.3119461660508031641825255064759403467178,7.2404110935296035478359044645912945270538,4.9874093788804696458782927948050200939178,4.9874093788804696458782927948050200939178,3.5775385018194683084402640815824270248413
23.60000,6.3445714716746843819805690145585685968399,7.1168146682228474730891321087256073951721,4.9247570242143234864329315314535051584244,4.9247570242143234864329315314535051584244,3.6118720914688853262930479104397818446159
23.70000,6.3805894876660502745835401583462953567505,7.0026862363214039675085587077774107456207,4.8720676298899903144956624601036310195923,4.8720676298899903144956624601036310195923,3.6391404642074740571899837959790602326393
23.80000,6.4211598677150210079389580641873180866241,6.9101294377146276204371133644599467515945,4.8342375029563688926259601430501788854599,4.8342375029563688926259601430501788854599,3.6628142995169112872133609926095232367516
23.90000,6.4659889504915852853628166485577821731567,6.8439121855728988208511509583331644535065,4.8105482617116486210306902648881077766418,4.8105482617116486210306902648881077766418,3.6888046126411864200633772270521149039268
24.00000,6.5135121514285501120866683777421712875366,6.8001490768223957772420362744014710187912,4.7957904478846336004949080233927816152573,4.7957904478846336004949080233927816152573,3.7220803324816791324280984554206952452660
24.10000,6.5613377297172075230946575175039470195770,6.7682547204990894940124235290568321943283,4.7828441119364155653670422907453030347824,4.7828441119364155653670422907453030347824,3.7639042263434658863729964650701731443405
24.20000,6.6068224198990455064972593390848487615585,6.7361004708255585171627899399027228355408,4.7652478489172453990363464981783181428909,4.7652478489172453990363464981783181428909,3.8124271928901132255873562826309353113174
24.30000,6.6476456890362571883201781020034104585648,6.6949227832736104559785417222883552312851,4.7387648684896239714703369827475398778915,4.7387648684896239714703369827475398778915,3.8650387353306205895364655589219182729721
24.40000,6.6822833890936976786179002374410629272461,6.6412230516732284613112824445124715566635,4.7017935817832530176474392646923661231995,4.7017935817832530176474392646923661231995,3.9199192772004201046343041525688022375107
24.50000,6.7103362549284382154723971325438469648361,6.5761862786243785450324139674194157123566,4.6549958966741220578455795475747436285019,4.6549958966741220578455795475747436285019,3.9765307402045722007244421547511592507362
24.60000,6.7327271075730399374492662900593131780624,6.5042845770670805194413333083502948284149,4.6006485207533058812146009586285799741745,4.6006485207533058812146009586285799741745,4.0357146431335095826398173812776803970337
24.70000,6.7518424304237250055393815273419022560120,6.4321735238607669060684202122502028942108,4.5421089711332687244293992989696562290192,4.5421089711332687244293992989696562290192,4.0997980120179553509274228417780250310898
24.80000,6.7719265765980596327722196292597800493240,6.3680666818943763018978643231093883514404,4.4835490987913546589993529778439551591873,4.4835490987913546589993529778439551591873,4.1728950609097257284929582965560257434845
24.90000,6.7993227523141088752822724927682429552078,6.3209573421330809139817574759945273399353,4.4298387659844102870465576415881514549255,4.4298387659844102870465576415881514549255,4.2606025624783692151709146855864673852921
25.00000,6.8328949196408457211759923666249960660934,6.2989278260790175778538468875922262668610,4.3862721295193933812583964026998728513718,4.3862721295193933812583964026998728513718,4.3592784866810765365130464488174766302109
25.10000,6.8712367752202210269274473830591887235641,6.3068700458228867944399098632857203483582,4.3578390547871439508753610425628721714020,4.3578390547871439508753610425628721714020,4.4624287114688199196166351612191647291183
25.20000,6.9131604948165970014883896510582417249680,6.3450123433913381276738618907984346151352,4.3480249666812627040712868620175868272781,4.3480249666812627040712868620175868272781,4.5621229048454097210196778178215026855469
25.30000,6.9570762895064728326133263180963695049286,6.4090906096320159335277821810450404882431,4.3575767749201839151851345377508550882339,4.3575767749201839151851345377508550882339,4.6510133492981209357708394236396998167038
25.40000,7.0010190177563513813652207318227738142014,6.4918957030603747782038226432632654905319,4.3839447278480623282348460634239017963409,4.3839447278480623282348460634239017963409,4.7250252651206015030993512482382357120514
25.50000,7.0428225126456815985420689685270190238953,6.5854946596328183261448430130258202552795,4.4218300538257908627315373450983315706253,4.4218300538257908627315373450983315706253,4.7846570646269173110454175912309437990189
25.60000,7.0803542482046157857666912605054676532745,6.6832323218331284309101647522766143083572,4.4645835902371215908601698174607008695602,4.4645835902371215908601698174607008695602,4.8344193895635001467780966777354478836060
25.70000,7.1117678698891495514544658362865447998047,6.7806247755893211959232758090365678071976,4.5057365198233219061307863739784806966782,4.5057365198233219061307863739784806966782,4.8809196058318269351161688973661512136459
25.80000,7.1357495843025917636737176508177071809769,6.8747812157960579426685399084817618131638,4.5400445511226772410395824408624321222305,4.5400445511226772410395824408624321222305,4.9304416978532952242630926775746047496796
25.90000,7.1517458794272732447439011593814939260483,6.9628049147401194218787168210837990045547,4.5638563096906130667207435180898755788803,4.5638563096906130667207435180898755788803,4.9868381747861665331811309442855417728424
26.00000,7.1601620402621408700838401273358613252640,7.0402284088141753315426285553257912397385,4.5750010195842900628804272855632007122040,4.5750010195842900628804272855632007122040,5.0503884099077369640440338116604834794998
26.10000,7.1625078742563639266904829128179699182510,7.1005662307834613855561656237114220857620,4.5725515524563915548128534283023327589035,4.5725515524563915548128534283023327589035,5.1179710001270430907993613800499588251114
26.20000,7.1614364323147938762303965631872415542603,7.1364574342675926033052746788598597049713,4.5567540673712079168922173266764730215073,4.5567540673712079168922173266764730215073,5.1843857318399724221080759889446198940277
26.30000,7.1605837324106227370634769613388925790787,7.1420008842990565511854583746753633022308,4.5292058204470651006090520240832120180130,4.5292058204470651006090520240832120180130,5.2441729758155490870308312878478318452835
26.40000,7.1641253984620396622062798996921628713608,7.1153063618723102479179942747578024864197,4.4931267311224134530789342534262686967850,4.4931267311224134530789342534262686967850,5.2931782980895221157879859674721956253052
26.50000,7.1758884702530032484446564922109246253967,7.0602387255137202259902551304548978805542,4.4534242853244103699239531124476343393326,4.4534242853244103699239531124476343393326,5.3292786251179018464085856976453214883804
26.60000,7.1978015602404878947595534555148333311081,6.9866792658557255180085121537558734416962,4.4162669728909547117723377596121281385422,4.4162669728909547117723377596121281385422,5.3519468803143039892233900900464504957199
26.70000,7.2304787794379592469340423122048377990723,6.9090503612167637470520276110619306564331,4.3880671074322377123166916135232895612717,4.3880671074322377123166916135232895612717,5.3633949257902475693526866962201893329620
26.80000,7.2734661533279201250934420386329293251038,6.8430097663639743998942321923095732927322,4.3740757411007233912414449150674045085907,4.3740757411007233912414449150674045085907,5.3683244374904477425047844008076936006546
26.90000,7.3251553230615487066756941203493624925613,6.8005320401678890362973106675781309604645,4.3770761247375196134612451714929193258286,4.3770761247375196134612451714929193258286,5.3715351137543985160505144449416548013687
27.00000,7.3830318993657026993560066330246627330780,6.7859246680763503078992471273522824048996,4.3967147846744634165361276245675981044769,4.3967147846744634165361276245675981044769,5.3755269980931252860045788111165165901184
27.10000,7.4441005162935178773864208778832107782364,6.7959816267554540303308385773561894893646,4.4297077948497838306707308220211416482925,4.4297077948497838306707308220211416482925,5.3806665533494033581973781110718846321106
27.20000,7.5053652753908517425429636205080896615982,6.8224069752558795798336177540477365255356,4.4707079866898764564098200935404747724533,4.4707079866898764564098200935404747724533,5.3863562772669792977353608876001089811325
27.30000,7.5642542157097034660750978218857198953629,6.8537279892246845136583033308852463960648,4.5134010891789371200388814031612128019333,4.5134010891789371200388814031612128019333,5.3911800265765128514772186463233083486557
27.40000,7.6188902107444631539578949741553515195847,6.8767649107779824646513588959351181983948,4.5515256964821118046415904245804995298386,4.5515256964821118046415904245804995298386,5.3926037285582211211476533208042383193970
27.50000,7.6681771099930955415402422659099102020264,6.8784861213396437662481730512809008359909,4.5797491540380041996627369371708482503891,4.5797491540380041996627369371708482503891,5.3871649232567309084629414428491145372391
27.60000,7.7117527338396785197005556256044656038284,6.8484302135529828703397470235358923673630,4.5944423706203130208791662880685180425644,4.5944423706203130208791662880685180425644,5.3712982061520344601035503728780895471573
27.70000,7.7498719435982792447248357348144054412842,6.7811927486264069742105675686616450548172,4.5943443472795157944688071438577026128769,4.5943443472795157944688071438577026128769,5.3423759976656537418193693156354129314423
27.80000,7.7832549667017172367877719807438552379608,6.6782330841098103135777819261420518159866,4.5809878807903317010641330853104591369629,4.5809878807903317010641330853104591369629,5.2995122892308632600588680361397564411163
27.90000,7.8129151039971196368583150615449994802475,6.5483930654638120572030857147183269262314,4.5586814276161549130961248010862618684769,4.5586814276161549130961248010862618684769,5.2439453142286218678691511740908026695251
28.00000,7.8399708008802670988757199665997177362442,6.4068135761706654918157255451660603284836,4.5338771835573172808153685764409601688385,4.5338771835573172808153685764409601688385,5.1790300099362980290607083588838577270508
28.10000,7.8654493123446798108489019796252250671387,6.2722266768279313353673387609887868165970,4.5139246035001532320052319846581667661667,4.5139246035001532320052319846581667661667,5.1098267821723046822057767712976783514023
28.20000,7.8900988443621944412598168128170073032379,6.1628119589938723521527208504267036914825,4.5054804519144688867982040392234921455383,4.5054804519144688867982040392234921455383,5.0419498995271281316377098846714943647385
28.30000,7.9142360669710978271496060187928378582001,6.0912639270654995726772540365345776081085,4.5130895712010969944572025269735604524612,4.5130895712010969944572025269735604524612,4.9793208516344034109124550013802945613861
28.40000,7.9376593783867006592913639906328171491623,6.0612582885098573726168069697450846433640,4.5384389969747944704181463748682290315628,4.5384389969747944704181463748682290315628,4.9220396729469690910718782106414437294006
28.50000,7.9596513844042373619913632865063846111298,6.0683743410780817129079878213815391063690,4.5804256155110270043451237143017351627350,4.5804256155110270043451237143017351627350,4.8671744944602641780306839791592210531235
28.60000,7.9790776488829049384321479010395705699921,6.1044590655220103414535515184979885816574,4.6357381141196185581065947189927101135254,4.6357381141196185581065947189927101135254,4.8120604861656772754940902814269065856934
28.70000,7.9945678660105654600442903756629675626755,6.1609483221881982117906773055437952280045,4.6995329652392285879614064469933509826660,4.6995329652392285879614064469933509826660,4.7564502577203082722689941874705255031586
28.80000,8.0047465689601615679293900029733777046204,6.2298177735807218624586312216706573963165,4.7660107686487016565024532610550522804260,4.7660107686487016565024532610550522804260,4.7025428052434792292046950024086982011795
28.90000,8.0084681624394580268244681064970791339874,6.3024792353552507861991216486785560846329,4.8289681702819793329695130523759871721268,4.8289681702819793329695130523759871721268,4.6530110572307483707277242501731961965561
29.00000,8.0050074838626308348921156721189618110657,6.3686974459612519794404761341866105794907,4.8824765764376127918922065873630344867706,4.8824765764376127918922065873630344867706,4.6087517769486572305481786315795034170151
29.10000,7.9941624429218158809362648753449320793152,6.4176291252547175147924463090021163225174,4.9217231701157579948358034016564488410950,4.9217231701157579948358034016564488410950,4.5683452279450174060571043810341507196426
29.20000,7.9762401666740041505931912979576736688614,6.4409070730818491767877276288345456123352,4.9438703603808171749278699280694127082825,4.9438703603808171749278699280694127082825,4.5294065189942207538820184709038585424423
29.30000,7.9519245500522703906653987360186874866486,6.4359330927322853099781241326127201318741,4.9486686895687013176825530536007136106491,4.9486686895687013176825530536007136106491,4.4905202636471530652784167614299803972244
29.40000,7.9220608243290575600781266984995454549789,6.4073740745807068464046096778474748134613,4.9385576641135893183331972977612167596817,4.9385576641135893183331972977612167596817,4.4523195706825857698163417808245867490768
29.50000,7.8874298268509246412349966703914105892181,6.3660034122836854919569304911419749259949,4.9181160008570303787678312801290303468704,4.9181160008570303787678312801290303468704,4.4172012374205484874778449011500924825668
29.60000,7.8485949761313253958405766752548515796661,6.3252997683430782771552003396209329366684,4.8929438744435467256721494777593761682510,4.8929438744435467256721494777593761682510,4.3880069955873093334730583592317998409271
29.70000,7.8058688859628242440180656558368355035782,6.2973417897446273272521466424223035573959,4.8682995682243630497509911947418004274368,4.8682995682243630497509911947418004274368,4.3666115392587254717682299087755382061005
29.80000,7.7593813379011207231883417989592999219894,6.2899102962813335793157420994248241186142,4.8479538122012346690326012321747839450836,4.8479538122012346690326012321747839450836,4.3533840097799858526173011341597884893417
29.90000,7.7091832111184412923421405139379203319550,6.3056733415980037449344308697618544101715,4.8336533251778357467287605686578899621964,4.8336533251778357467287605686578899621964,4.3475499023607726556406305462587624788284
30.00000,7.6553223670808545620047880220226943492889,6.3430990139420053708363411715254187583923,4.8252965652299826260218651441391557455063,4.8252965652299826260218651441391557455063,4.3478282505628946807973989052698016166687
30.10000,7.5978660124169659084714112395886331796646,6.3981842650746170164666182245127856731415,4.8215885542500460658743577369023114442825,4.8215885542500460658743577369023114442825,4.3528731689914899050108942901715636253357
30.20000,7.5368879898663054817120610096026211977005,6.4661197728955466246247851813677698373795,4.8207855198650104711077801766805350780487,4.8207855198650104711077801766805350780487,4.3614367230318302759428661374840885400772
30.30000,7.4724644285608352589633796014823019504547,6.5423917439523719963290204759687185287476,4.8212393100511210519698579446412622928619,4.8212393100511210519698579446412622928619,4.3723775524109660395311038882937282323837
30.40000,7.4047175460641367905623155820649117231369,6.6232522673915896760377108876127749681473,4.8216771826479254414721253851894289255142,4.8216771826479254414721253851894289255142,4.3846154481598755836557756992988288402557
30.50000,7.3339174320066886636482195171993225812912,6.7058121546322597694711475924123078584671,4.8213207729547065127917448990046977996826,4.8213207729547065127917448990046977996826,4.3970880407295345193574576114770025014877
30.60000,7.2606083269400141233518297667615115642548,6.7881062768323223721722570189740508794785,4.8199691492336942388874376774765551090240,4.8199691492336942388874376774765551090240,4.4087763053049489059276311309076845645905
30.70000,7.1856905852609731510938217979855835437775,6.8692720823347750425114099925849586725235,4.8180762835149089085007290123030543327332,4.8180762835149089085007290123030543327332,4.4188101005659294884253540658392012119293
30.80000,7.1103837545658867824727167317178100347519,6.9495993903688901838222591322846710681915,4.8167402694832190945817274041473865509033,4.8167402694832190945817274041473865509033,4.4265026059683387771315210557077080011368
30.90000,7.0360306646999770663342133047990500926971,7.0300155954767582500153366709128022193909,4.8174840855081209056720581429544836282730,4.8174840855081209056720581429544836282730,4.4310780891604917286485942895524203777313
31.00000,6.9637701190900243020109883218538016080856,7.1109056321569035219454235630109906196594,4.8217844736958355156275501940399408340454,4.8217844736958355156275501940399408340454,4.4311068038552567927013114967849105596542
31.10000,6.8941819124462240253592426597606390714645,7.1908918481727397420399938710033893585205,4.8304579955018818182566064933780580759048,4.8304579955018818182566064933780580759048,4.4241577696152001308860235440079122781754
31.20000,6.8270535752832932629985407402273267507553,7.2662527732390014278962553362362086772919,4.8431417162382768282213874044828116893768,4.8431417162382768282213874044828116893768,4.4070229160457410344520212674979120492935
31.30000,6.7613941777094321849972402560524642467499,7.3302407988011601958078244933858513832092,4.8581111950889903638994837820064276456833,4.8581111950889903638994837820064276456833,4.3754125863326116530060971854254603385925
31.40000,6.6957194808049429468610469484701752662659,7.3759890997346513330512607353739440441132,4.8725440955846188728628476383164525032043,4.8725440955846188728628476383164525032043,4.3266203893703565341866124072112143039703
31.50000,6.6285072180130395480546212638728320598602,7.3993420911789558047644277394283562898636,4.8831530785523744597753648122306913137436,4.8831530785523744597753648122306913137436,4.2615431520872473214467390789650380611420
31.60000,6.5586552281921166596134753490332514047623,7.4002829003080448089235687803011387586594,4.8869902879949815854843109264038503170013,4.8869902879949815854843109264038503170013,4.1849575525101982975684222765266895294189
31.70000,6.4858058948219028394532870152033865451813,7.3833980294555399126465999870561063289642,4.8822074040866061395149699819739907979965,4.8822074040866061395149699819739907979965,4.1047891161042304730699470383115112781525
31.80000,6.4104837530201352890912858129013329744339,7.3569596774179437659313407493755221366882,4.8686027562419544878480337501969188451767,4.8686027562419544878480337501969188451767,4.0302379179541709675049787620082497596741
31.90000,6.3340593678084493589608428010251373052597,7.3307325896024284617169541888870298862457,4.8478504071748824699739088828209787607193,4.8478504071748824699739088828209787607193,3.9690911430611128807299792242702096700668
32.00000,6.2585732082290315148043191584292799234390,7.3132787822801885724288695200812071561813,4.8233617985196417521365219727158546447754,4.8233617985196417521365219727158546447754,3.9251283934699365829601447330787777900696
32.10000,6.1864452452239513391418768151197582483292,7.3100178230472367957304413721431046724319,4.7997777605140612422474077902734279632568,4.7997777605140612422474077902734279632568,3.8969075472430660944667124567786231637001
32.20000,6.1200889623821224105881810828577727079391,7.3229937699204965539934164553415030241013,4.7821375169177278152687904366757720708847,4.7821375169177278152687904366757720708847,3.8788076984671633340440166648477315902710
32.30000,6.0614609870167734939627735002432018518448,7.3521304961088640439470509591046720743179,4.7748373530271637221744640555698424577713,4.7748373530271637221744640555698424577713,3.8639167770713096494716864981455728411674
32.40000,6.0116103523567625543932990694884210824966,7.3966832899672283474501455202698707580566,4.7805828342951190990106624667532742023468,4.7805828342951190990106624667532742023468,3.8471279737337518156436999561265110969543
32.50000,5.9703281212792305154835048597306013107300,7.4556504850138649587165673437993973493576,4.7996184328721520628846519684884697198868,4.7996184328721520628846519684884697198868,3.8267417405487904602523485664278268814087
32.60000,5.9360102658783890916538439341820776462555,7.5269444033587173947807968943379819393158,4.8294898865864235304456997255329042673111,4.8294898865864235304456997255329042673111,3.8039748960642603137216610775794833898544
32.70000,5.9058074254538723835139535367488861083984,7.6061334345279840718490049766842275857925,4.8654005965666984323547694657463580369949,4.8654005965666984323547694657463580369949,3.7811396668484587024749998818151652812958
32.80000,5.8760452719139504296208542655222117900848,7.6858418733300668534980104595888406038284,4.9009838914234453710605521337129175662994,4.9009838914234453710605521337129175662994,3.7599193623971274291761801578104496002197
32.90000,5.8428061977293310746972565539181232452393,7.7564040884771721096058172406628727912903,4.9292230695290930597707301785703748464584,4.9292230695290930597707301785703748464584,3.7407641471483166206724035873776301741600
33.00000,5.8025327864049760506759412237443029880524,7.8075715970330614723593498638365417718887,4.9433383797544951931968171265907585620880,4.9433383797544951931968171265907585620880,3.7234276239290471366416568343993276357651
33.10000,5.7525626312322915012487101193983107805252,7.8305069604511556846659914299380034208298,4.9375906500221171668840725033078342676163,4.9375906500221171668840725033078342676163,3.7078882916392115198789269925327971577644
33.20000,5.6915759894465169921318192791659384965897,7.8192419821579175476244927267543971538544,4.9080145195764952603667552466504275798798,4.9080145195764952603667552466504275798798,3.6947889324514431308443818124942481517792
33.30000,5.6199628218372348342768418660853058099747,7.7711670787855835484947419899981468915939,4.8530749656808032099775118695106357336044,4.8530749656808032099775118695106357336044,3.6849799692612115187273502669995650649071
33.40000,5.5400799338419544071143718610983341932297,7.6867064260035986578145639214199036359787,4.7741778707860280661634533316828310489655,4.7741778707860280661634533316828310489655,3.6784306182734960444236094190273433923721
33.50000,5.4563146028402202958318412129301577806473,7.5688186788917395375619889819063246250153,4.6759069056254611851386471244040876626968,4.6759069056254611851386471244040876626968,3.6733194704810365749381162459030747413635
33.60000,5.3748505039011487127709187916480004787445,7.4230350882080156083020483492873609066010,4.5658398484090101376864367921371012926102,4.5658398484090101376864367921371012926102,3.6662058952911427134324640064733102917671
33.70000,5.3030750200192171561752729758154600858688,7.2582113044693636894066912645939737558365,4.4538255486505242686234851134940981864929,4.4538255486505242686234851134940981864929,3.6536352271875327524242038634838536381721
33.80000,5.2486701737492831298936835082713514566422,7.0871166229735997887928533600643277168274,4.3506523801072010115831290022470057010651,4.3506523801072010115831290022470057010651,3.6344820365084813396094887139042839407921
33.90000,5.2183712720334058943194577295798808336258,6.9250461364545889964006164518650621175766,4.2660872768496949092309478146489709615707,4.2660872768496949092309478146489709615707,3.6112428547886041840797588520217686891556
34.00000,5.2148803980382014700012405228335410356522,6.7858794229654950669328172807581722736359,4.2064514963271824043999913556035608053207,4.2064514963271824043999913556035608053207,3.5878568283493303958664455421967431902885
34.10000,5.2316523117755089344882435398176312446594,6.6784995288575270677711159805767238140106,4.1725513949901653631968656554818153381348,4.1725513949901653631968656554818153381348,3.5650490506527057199548380594933405518532
34.20000,5.2564944404332303307114671042654663324356,6.6062107042458171335397310031112283468246,4.1593998557761189260872924933210015296936,4.1593998557761189260872924933210015296936,3.5439054331268109443442426709225401282310
34.30000,5.2789874741882050201979836856480687856674,6.5685775185565171696566721948329359292984,4.1582026597224022168575174873694777488708,4.1582026597224022168575174873694777488708,3.5311596732999182002288307558046653866768
34.40000,5.2922733358631184330533869797363877296448,6.5563387659862666367871497641317546367645,4.1593447653239516981216183921787887811661,4.1593447653239516981216183921787887811661,3.5299225712014812295080901094479486346245
34.50000,5.2928518974633806948304481920786201953888,6.5495000529762004148892629018519073724747,4.1549405224383830770307213242631405591965,4.1549405224383830770307213242631405591965,3.5324709055628153997474782954668626189232
34.60000,5.2801455756677597719317418523132801055908,6.5331490038650485985272098332643508911133,4.1403854561137549694649351295083761215210,4.1403854561137549694649351295083761215210,3.5325236673052988756182912766234949231148
34.70000,5.2559438806812810440760586061514914035797,6.5010869856768795926882376079447567462921,4.1149055967573753278543335909489542245865,4.1149055967573753278543335909489542245865,3.5272196728434099810556290321983397006989
34.80000,5.2237338383855567158775556890759617090225,6.4548508648347366900566157710272818803787,4.0812591063657457368663017405197024345398,4.0812591063657457368663017405197024345398,3.5160664904888010440231482789386063814163
34.90000,5.1879582383426141589666258369106799364090,6.4011278215189539864127254986669868230820,4.0447808192953180750350838934537023305893,4.0447808192953180750350838934537023305893,3.4995244212709324393983933987328782677650
35.00000,5.1532582299156270977391613996587693691254,6.3487380100332897470138959761243313550949,4.0119889349265447364700776233803480863571,4.0119889349265447364700776233803480863571,3.4780183700958273718129021290224045515060
35.10000,5.1237722237162000027410613256506621837616,6.3059566069897705631319695385172963142395,3.9890162778482856076323059824062511324883,3.9890162778482856076323059824062511324883,3.4516962750093993506084188993554562330246
35.20000,5.1025356963007801880394254112616181373596,6.2786589256271128078878973610699176788330,3.9801746511736419975591161346528679132462,3.9801746511736419975591161346528679132462,3.4208453195806094448983003530884161591530
35.30000,5.0903822282912436492097185691818594932556,6.2694515588157742058683652430772781372070,3.9869686645527258050947239098604768514633,3.9869686645527258050947239098604768514633,3.3858964580015671330670556926634162664413
35.40000,5.0860654022593658751816292351577430963516,6.2775556668122902692630304954946041107178,4.0077917362543891144355256983544677495956,4.0077917362543891144355256983544677495956,3.3480375965628770273951886338181793689728
35.50000,5.0871493513357002314023702638223767280579,6.2991017865256022645326083875261247158051,4.0383593136112683197325168293900787830353,4.0383593136112683197325168293900787830353,3.3095325106387658564699449925683438777924
35.60000,5.0905525803473450352498730353545397520065,6.3278068759940646614836623484734445810318,4.0727464192635567385991635092068463563919,4.0727464192635567385991635092068463563919,3.2728666178142962195352083654142916202545
35.70000,5.0932485570370644722970610018819570541382,6.3562387386148371248850708070676773786545,4.1047896042927582982429157709702849388123,4.1047896042927582982429157709702849388123,3.2399080870663841125178805668838322162628
35.80000,5.0929912820159275455011993471998721361160,6.3776743607955301840206630004104226827621,4.1295924661708180991581684793345630168915,4.1295924661708180991581684793345630168915,3.2114807104698219752947352390037849545479
35.90000,5.0889573900421281038575216371100395917892,6.3881459056425269338319594680797308683395,4.1448830884294833865055807109456509351730,4.1448830884294833865055807109456509351730,3.1873371188256873764998999831732362508774
36.00000,5.0821901574302570381291843659710139036179,6.3880452121843589452510059345513582229614,4.1519691498719231148584185575600713491440,4.1519691498719231148584185575600713491440,3.1662970698707697536633531854022294282913
36.10000,5.0756981571952595189145540643949061632156,6.3827624780781349045355455018579959869385,4.1560166264125184554245606705080717802048,4.1560166264125184554245606705080717802048,3.1464273824483579566901880752993747591972
36.20000,5.0740474471368886000277598213870078325272,6.3821418910118463685421374975703656673431,4.1653619811330822031436582619789987802505,4.1653619811330822031436582619789987802505,3.1254653758825705622825807949993759393692
36.30000,5.0823657242964594971113001520279794931412,6.3988154232560763290393879287876188755035,4.1896299068606008830784048768691718578339,4.1896299068606008830784048768691718578339,3.1019213338313331718154586269520223140717
36.40000,5.1049191543814842475512705277651548385620,6.4454645465868320997060436639003455638885,4.2367901570743295991405830136500298976898,4.2367901570743295991405830136500298976898,3.0768033868196558167085186141775920987129
36.50000,5.1437427431564657354101655073463916778564,6.5307910809683686892412879387848079204559,4.3101747469836251269725835300050675868988,4.3101747469836251269725835300050675868988,3.0541843301575832825278666859958320856094
36.60000,5.1979078182469091728989951661787927150726,6.6546954425429971635708170651923865079880,4.4071648005121337732248321117367595434189,4.4071648005121337732248321117367595434189,3.0382736597656392341093578579602763056755
36.70000,5.2637119298263872479992642183788120746613,6.8062881997371924569506518309935927391052,4.5202247429007575973969323968049138784409,4.5202247429007575973969323968049138784409,3.0295506437620653983344709558878093957901
36.80000,5.3356106315195805933626616024412214756012,6.9682769355775633357552578672766685485840,4.6391627669372148545789968920871615409851,4.6391627669372148545789968920871615409851,3.0255620332227133317815059854183346033096
36.90000,5.4074461656919359242579048441257327795029,7.1227374900146394054445408983156085014343,4.7533007933872157835253347002435475587845,4.7533007933872157835253347002435475587845,3.0235820689321433185625664918916299939156
37.00000,5.4735610197710338198362478578928858041763,7.2537754257356539255852112546563148498535,4.8530721828562617403690637729596346616745,4.8530721828562617403690637729596346616745,3.0211920797941647087725414166925475001335
37.10000,5.5295732628472489267323908279649913311005,7.3486092363211330535932575003243982791901,4.9310298391967046782724537479225546121597,4.9310298391967046782724537479225546121597,3.0161228207749721796915309823816642165184
37.20000,5.5727836862952582208663443452678620815277,7.3984442320436674123129705549217760562897,4.9823389933289377040637191385030746459961,4.9823389933289377040637191385030746459961,3.0065499316810493368734569230582565069199
37.30000,5.6023111589372955876342530245892703533173,7.3988034485700557851828307320829480886459,5.0048748571562837739179485652130097150803,5.0048748571562837739179485652130097150803,2.9913648931947842690703964763088151812553
37.40000,5.6191010497026754322291708376724272966385,7.3493125118473159318455145694315433502197,4.9990929185223800246262726432178169488907,4.9990929185223800246262726432178169488907,2.9702277245052317589113499707309529185295
37.50000,5.6259419232034124647157113940920680761337,7.2533519189171427044016127183567732572556,4.9678260279071908556147718627471476793289,4.9678260279071908556147718627471476793289,2.9436417863061739019769902370171621441841
37.60000,5.6276182140762491812324697093572467565536,7.1177245567622522415263119910378009080887,4.9160657453177032394364687206689268350601,4.9160657453177032394364687206689268350601,2.9132112802030949438858442590571939945221
37.70000,5.6315218423217814347481180448085069656372,6.9522630325979974941219552420079708099365,4.8506494685316106085792853264138102531433,4.8506494685316106085792853264138102531433,2.8824859378565577117115026339888572692871
37.80000,5.6459971665796233608602960885036736726761,6.7691662869244693112591448880266398191452,4.7796848083472180945818763575516641139984,4.7796848083472180945818763575516641139984,2.8557938368096578152233178116148337721825
37.90000,5.6729882686016779302917711902409791946411,6.5818468411732666822899773251265287399292,4.7115901598483613810230963281355798244476,4.7115901598483613810230963281355798244476,2.8316547900782209623571361589711159467697
38.00000,5.7122857128123127878893683373462408781052,6.4032828840419675486828054999932646751404,4.6538508831211196081767411669716238975525,4.6538508831211196081767411669716238975525,2.8078668306120402320402718032710254192352
38.10000,5.7626555187182946227153479412663727998734,6.2442546845320157089531676319893449544907,4.6118614185986475106915349897462874650955,4.6118614185986475106915349897462874650955,2.7831873660530148661962357437005266547203
38.20000,5.8216560490254876114590842917095869779587,6.1120910671417618686973582953214645385742,4.5882812357204638686880571185611188411713,4.5882812357204638686880571185611188411713,2.7571846447263221868695381999714300036430
38.30000,5.8860170273326888334963769011665135622025,6.0103641727320002985379687743261456489563,4.5830703343198964105908999044913798570633,4.5830703343198964105908999044913798570633,2.7302405314248949785849163163220509886742
38.40000,5.9521976744681506232836909475736320018768,5.9394447151812057583697423979174345731735,4.5940338113831771238437795545905828475952,4.5940338113831771238437795545905828475952,2.7035747668830012457874545361846685409546
38.50000,6.0169404990483732476036493608262389898300,5.8973714864372457356012091622687876224518,4.6175725867974284355454983597155660390854,4.6175725867974284355454983597155660390854,2.6791668118907616680246519536012783646584
38.60000,6.0777052303410181721687877143267542123795,5.8804885352838942580433467810507863759995,4.6494047400744102915837174805346876382828,4.6494047400744102915837174805346876382828,2.6593842854760914029554896842455491423607
38.70000,6.1329203047780689317391988879535347223282,5.8837355125621515483658185985404998064041,4.6851433261548338649049583182204514741898,4.6851433261548338649049583182204514741898,2.6463691650305536384735205501783639192581
38.80000,6.1820375452269074045830166141968220472336,5.9008895803254226564149576006457209587097,4.7207136915022198664360075781587511301041,4.7207136915022198664360075781587511301041,2.6414997425478903281259590585250407457352
38.90000,6.2254136650834439592472335789352655410767,5.9251335282908463852891145506873726844788,4.7526522325183959694072655111085623502731,4.7526522325183959694072655111085623502731,2.6452427283374984057218171074055135250092
39.00000,6.2640677911279967204905005928594619035721,5.9500994705028871223362330056261271238327,4.7783375010668613924735836917534470558167,4.7783375010668613924735836917534470558167,2.6574922594971610578795662149786949157715
39.10000,6.2993791346126455366061236418318003416061,5.9712100087896020639277594455052167177200,4.7961614971664108253435188089497387409210,4.7961614971664108253435188089497387409210,2.6782661490694259498468454694375395774841
39.20000,6.3327936429508113747033348772674798965454,5.9868929850613117338298252434469759464264,4.8055913353990247216529496654402464628220,4.8055913353990247216529496654402464628220,2.7085039572140732211380509397713467478752
39.30000,6.3655995610428837139238567033316940069199,5.9988853493629035185108477890025824308395,4.8070601209610197557253741251770406961441,4.8070601209610197557253741251770406961441,2.7503646684837472768947463919175788760185
39.40000,6.3988078935043120054615428671240806579590,6.0106732326741845184869816876016557216644,4.8016897996696545902750585810281336307526,4.8016897996696545902750585810281336307526,2.8061015268391864552199876925442367792130
39.50000,6.4331409062363809070461684314068406820297,6.0259294926345150500424097117502242326736,4.7909488668143165313040299224667251110077,4.7909488668143165313040299224667251110077,2.8771726652422637826589379983488470315933
39.60000,6.4691010523661081066393307992257177829742,6.0470500023685351820290634350385516881943,4.7764071113987593975025447434745728969574,4.7764071113987593975025447434745728969574,2.9633368319371249377525145973777398467064
39.70000,6.5070729234731548018544344813562929630280,6.0741329894422326773906206653919070959091,4.7597187143536885400862956885248422622681,4.7597187143536885400862956885248422622681,3.0617684842080099549832539196358993649483
39.80000,6.5474051276464617643568999483250081539154,6.1059148355380594708208263909909874200821,4.7428484475698882150140889280010014772415,4.7428484475698882150140889280010014772415,3.1676230680447456933279681834392249584198
39.90000,6.5904266486599780705546436365693807601929,6.1420803606367160298873386636842042207718,4.7283973435809363294879403838422149419785,4.7283973435809363294879403838422149419785,3.2757123221348214414661015325691550970078
