10.00000,10.4179335359776601421799568925052881240845,29.2534850230407634796847560210153460502625,18.8357092539846284751092753140255808830261,18.8357092539846284751092753140255808830261,2.0000000510491675598245819855947047472000
10.10000,10.5038423230856761136919885757379233837128,29.5111211875541101790076936595141887664795,19.0074817147219938817670481512323021888733,19.0074817147219938817670481512323021888733,2.0000000811958029700576844334136694669724
10.20000,10.5897759639539810194719393621198832988739,29.7688231579462154741122503764927387237549,19.1792994990772065477813157485798001289368,19.1792994990772065477813157485798001289368,2.0000001237457816216647188412025570869446
10.30000,10.6755086362207016748016030760481953620911,30.0259177689038132541554659837856888771057,19.3507131119325741508419014280661940574646,19.3507131119325741508419014280661940574646,2.0000001812593661831840563536388799548149
10.40000,10.7609131152221504379440375487320125102997,30.2820268765539104549588955705985426902771,19.5214698681752309994408278726041316986084,19.5214698681752309994408278726041316986084,2.0000002554255953413075985736213624477386
10.50000,10.8459928011282862314601516118273138999939,30.5371599622510814242559717968106269836426,19.6915762086864702951061190105974674224854,19.6915762086864702951061190105974674224854,2.0000003460064279536823050875682383775711
10.60000,10.9308810274657339789428078802302479743958,30.7917066136933819109344767639413475990295,19.8612935954095348733972059562802314758301,19.8612935954095348733972059562802314758301,2.0000004503400434785476136312354356050491
10.70000,11.0158086527100440576987239182926714420319,31.0463320661691497548417828511446714401245,20.0310700767915079723024973645806312561035,20.0310700767915079723024973645806312561035,2.0000005652961769797570923401508480310440
10.80000,11.1010484462946301675856375368312001228333,31.3018023018085607134253223193809390068054,20.2014250271858095686638989718630909919739,20.2014250271858095686638989718630909919739,2.0000006937315717436831619124859571456909
10.90000,11.1868501669392301778316323179751634597778,31.5587823174025920991425664396956562995911,20.3728158135521049132421467220410704612732,20.3728158135521049132421467220410704612732,2.0000008572376115623114856134634464979172
11.00000,11.2733822081993153574330790434032678604126,31.8176579216148844864164857426658272743225,20.5455195056392092567421059357002377510071,20.5455195056392092567421059357002377510071,2.0000011185357799980977233644807711243629
11.10000,11.3606937622592916170560783939436078071594,32.0784259596689693694315792527049779891968,20.7195590513626726192342175636440515518188,20.7195590513626726192342175636440515518188,2.0000016192029193007329013198614120483398
11.20000,11.4487061308624653577226126799359917640686,32.3406813640827550671019707806408405303955,20.8946924297120659730353509075939655303955,20.8946924297120659730353509075939655303955,2.0000026355210924755567702959524467587471
11.30000,11.5372344945834814922136501991190016269684,32.6037059026540063655374979134649038314819,21.0704678776183840227531618438661098480225,21.0704678776183840227531618438661098480225,2.0000046420007184799771948746638372540474
11.40000,11.6260340405071893599142640596255660057068,32.8666386097950820044388819951564073562622,21.2463321507517406416809535585343837738037,21.2463321507517406416809535585343837738037,2.0000083487987843078315108868991956114769
11.50000,11.7148586855253640237606305163353681564331,33.1286873187682573416168452240526676177979,21.4217656745459521516750101000070571899414,21.4217656745459521516750101000070571899414,2.0000146552017215029195540410000830888748
11.60000,11.8035180042346254936092009302228689193726,33.3893287647805436790804378688335418701172,21.5964111539406466988566535292193293571472,21.5964111539406466988566535292193293571472,2.0000244611338788836008006910560652613640
11.70000,11.8919188420921582149958339869044721126556,33.6484437801446176763420226052403450012207,21.7701621447125006625356036238372325897217,21.7701621447125006625356036238372325897217,2.0000383328117732339990197942825034260750
11.80000,11.9800821020066230460088263498619198799133,33.9063448031859167031143442727625370025635,21.9431853880836875703153054928407073020935,21.9431853880836875703153054928407073020935,2.0000561290251668289386088872561231255531
11.90000,12.0681313108289263169581317924894392490387,34.1636745210412158257895498536527156829834,22.1158645138358878057260881178081035614014,22.1158645138358878057260881178081035614014,2.0000768041983612022249872097745537757874
12.00000,12.1562563621105432787317113252356648445129,34.4211845329317043251649010926485061645508,22.2886711404783000034512951970100402832031,22.2886711404783000034512951970100402832031,2.0000986140856418238342939730500802397728
12.10000,12.2446617202894358911180461291223764419556,34.6794364111970665476292197126895189285278,22.4619891641705251572602719534188508987427,22.4619891641705251572602719534188508987427,2.0001198031454507919590923847863450646400
12.20000,12.3335119676325408732964206137694418430328,34.9384962942459083024004939943552017211914,22.6359343162890667144893086515367031097412,22.6359343162890667144893086515367031097412,2.0001396293003117499154086544876918196678
12.30000,12.4228879997283048197687094216234982013702,35.1977083971313859933616186026483774185181,22.8102184668278695767185126896947622299194,22.8102184668278695767185126896947622299194,2.0001594632039516596933026448823511600494
12.40000,12.5127643248954463217614829773083329200745,35.4556249967058718652879178989678621292114,22.9841027709994421002193121239542961120605,22.9841027709994421002193121239542961120605,2.0001837796024393156812948291189968585968
12.50000,12.6030125435288482549367472529411315917969,35.7101392542037601174342853482812643051147,23.1564653960238295837825717171654105186462,23.1564653960238295837825717171654105186462,2.0002210056849460961814202164532616734505
12.60000,12.6934295807522108390230641816742718219757,35.9588190705359309617961116600781679153442,23.3259822474792137825261306716129183769226,23.3259822474792137825261306716129183769226,2.0002841563297102389640258479630574584007
12.70000,12.7837832798535444567278318572789430618286,36.1993866561695298855738656129688024520874,23.4913895319312437948156002676114439964294,23.4913895319312437948156002676114439964294,2.0003908721605876408489166351500898599625
12.80000,12.8738639816149689210078577161766588687897,36.4302421279603834136651130393147468566895,23.6517720078034905384356534341350197792053,23.6517720078034905384356534341350197792053,2.0005620939683752546045525377849116921425
12.90000,12.9635295894289850338054748135618865489960,36.6509003886483810674690175801515579223633,23.8068056934412055625216453336179256439209,23.8068056934412055625216453336179256439209,2.0008185911949531998743623262271285057068
13.00000,13.0527334962885213087702140910550951957703,36.8622063633409027261222945526242256164551,23.9568822682112170241452986374497413635254,23.9568822682112170241452986374497413635254,2.0011753232069908747803310689050704240799
13.10000,13.1415290824844763761802823864854872226715,37.0662209727859561780860531143844127655029,24.1030574369085961450309696374461054801941,24.1030574369085961450309696374461054801941,2.0016351814532398201151863759150728583336
13.20000,13.2300502173389187277052769786678254604340,37.2657348885431005669488513376563787460327,24.2467998993607878333023109007626771926880,24.2467998993607878333023109007626771926880,2.0021853071604476248523951653623953461647
13.30000,13.3184729654530080722452112240716814994812,37.4634687258431782197476422879844903945923,24.3895711423716399224304041126742959022522,24.3895711423716399224304041126742959022522,2.0027994065529073353104649868328124284744
13.40000,13.4069681489256353756900352891534566879272,37.6611381724495402067987015470862388610840,24.5323296282864191653061425313353538513184,24.5323296282864191653061425313353538513184,2.0034470648023399164117108739446848630905
13.50000,13.4956564813274795255892968270927667617798,37.8586553297015200314490357413887977600098,24.6751024957654543356966314604505896568298,24.6751024957654543356966314604505896568298,2.0041068194980926620019090478308498859406
13.60000,13.5845771601957423513340472709387540817261,38.0537459878042554350940918084233999252319,24.8167731090396159743249882012605667114258,24.8167731090396159743249882012605667114258,2.0047769299207662818673725269036367535591
13.70000,13.6736773038512815503509045811370015144348,38.2421584251232289375366235617548227310181,24.9551782786498144162123935529962182044983,24.9551782786498144162123935529962182044983,2.0054791716748847640872099873377010226250
13.80000,13.7628243611927523204485623864457011222839,38.4184559537029599596280604600906372070312,25.0875124544615566435368236852809786796570,25.0875124544615566435368236852809786796570,2.0062554059725958843785065255360677838326
13.90000,13.8518379696511875209807840292342007160187,38.5772007374913386001935577951371669769287,25.2109396351537817793087015161290764808655,25.2109396351537817793087015161290764808655,2.0071594368349643389137781923636794090271
14.00000,13.9405331042092655025044223293662071228027,38.7142201588095815623091766610741615295410,25.3232538515033915871299541322514414787292,25.3232538515033915871299541322514414787292,2.0082455600120661109997399762505665421486
14.10000,14.0287638432137420352319168159738183021545,38.8276264947065996580022328998893499374390,25.4234180308395423253386979922652244567871,25.4234180308395423253386979922652244567871,2.0095542762412619275380620820214971899986
14.20000,14.1164571937499925269321465748362243175507,38.9183238112095679639423906337469816207886,25.5118414827813246859022910939529538154602,25.5118414827813246859022910939529538154602,2.0110980393969066781778565200511366128922
14.30000,14.2036290440016141900514412554912269115448,38.9898539119171871902835846412926912307739,25.5903151872430960622750717448070645332336,25.5903151872430960622750717448070645332336,2.0128525814326119203201415075454860925674
14.40000,14.2903787531639956398521462688222527503967,39.0475820783449236728301912080496549606323,25.6616007475799392523185815662145614624023,25.6616007475799392523185815662145614624023,2.0147593363490403639559644943801686167717
14.50000,14.3768640783777570391066547017544507980347,39.0973886526225413717838819138705730438232,25.7287555589408150069630210055038332939148,25.7287555589408150069630210055038332939148,2.0167416131186683969644946046173572540283
14.60000,14.4632628464294672454570900299586355686188,39.1441937830543125187432451639324426651001,25.7943627537583921593977720476686954498291,25.7943627537583921593977720476686954498291,2.0187311219669923367803221481153741478920
14.70000,14.5497308851679765240305641782470047473907,39.1907518090892423856530513148754835128784,25.8598946295889007274126925040036439895630,25.8598946295889007274126925040036439895630,2.0206934350794210075719092856161296367645
14.80000,14.6363664835973743549857317702844738960266,39.2371294188263917135373048949986696243286,25.9254292785148940936323924688622355461121,25.9254292785148940936323924688622355461121,2.0226373453939774371690418774960562586784
14.90000,14.7231898731107584410437993938103318214417,39.2810682693503210316521290224045515060425,25.9898286332708181589623563922941684722900,25.9898286332708181589623563922941684722900,2.0246008759194382697899072809377685189247
15.00000,14.8101423835995813504951001959852874279022,39.3190823632675972021388588473200798034668,26.0513012716391010314964660210534930229187,26.0513012716391010314964660210534930229187,2.0266222035889764896410270011983811855316
15.10000,14.8971050254013235303318651858717203140259,39.3478387319703131197456968948245048522949,26.1081152310371535918420704547315835952759,26.1081152310371535918420704547315835952759,2.0287132952973307986610507214209064841270
15.20000,14.9839315304205840106988034676760435104370,39.3652943230176646238760440610349178314209,26.1591878701413911301187908975407481193542,26.1591878701413911301187908975407481193542,2.0308501131554623775343770830659195780754
15.30000,15.0704875080149154342734618694521486759186,39.3712295678369343931990442797541618347168,26.2043677912477619429409969598054885864258,26.2043677912477619429409969598054885864258,2.0329814933563188361631546285934746265411
15.40000,15.1566861016030376418939340510405600070953,39.3671034377869943909900030121207237243652,26.2443705083345264483796199783682823181152,26.2443705083345264483796199783682823181152,2.0350485227209800243031168065499514341354
15.50000,15.2425115950562677369362063473090529441833,39.3554116080136040523029805626720190048218,26.2804602211222935181922366609796881675720,26.2804602211222935181922366609796881675720,2.0370027608252807560518249374581500887871
15.60000,15.3280254877081514308656551293097436428070,39.3388728143506156698094855528324842453003,26.3140412764876643336720007937401533126831,26.3140412764876643336720007937401533126831,2.0388157490834397655987686448497697710991
15.70000,15.4133538653585340227891720132902264595032,39.3197712282773252923107065726071596145630,26.3463224386719154779257223708555102348328,26.3463224386719154779257223708555102348328,2.0404802162920243624455451936228200793266
15.80000,15.4986594124051855203560990048572421073914,39.2996606829320569431729381904006004333496,26.3781558855842277466763334814459085464478,26.3781558855842277466763334814459085464478,2.0420083241687891906224194826791062951088
15.90000,15.5841050665053160173556534573435783386230,39.2794464137707279860478593036532402038574,26.4100609943107507149306911742314696311951,26.4100609943107507149306911742314696311951,2.0434294916545407971852910122834146022797
16.00000,15.6698182373722545435157371684908866882324,39.2596867930312498629064066335558891296387,26.4423604344789744402532960521057248115540,26.4423604344789744402532960521057248115540,2.0447841614455533054695024475222453474998
16.10000,15.7558642329233631329543641186319291591644,39.2408778408938587745069526135921478271484,26.4753154485488302327667042845860123634338,26.4753154485488302327667042845860123634338,2.0461111767195641064631672634277492761612
16.20000,15.8422351425287679660414141835644841194153,39.2235270404224394269476761110126972198486,26.5091629935689852004543354269117116928101,26.5091629935689852004543354269117116928101,2.0474361958132418770617277914425358176231
16.30000,15.9288565410746354444881944800727069377899,39.2079667680741792423759761732071638107300,26.5440257812627038447317318059504032135010,26.5440257812627038447317318059504032135010,2.0487717466234052210438676411285996437073
16.40000,16.0156099955045547744703071657568216323853,39.1940364024007052989873045589774847030640,26.5797588972349814184781280346214771270752,26.5797588972349814184781280346214771270752,2.0501286034352972365013556554913520812988
16.50000,16.1023655729239685285847372142598032951355,39.1808788486338102075023925863206386566162,26.6158588904196804492130468133836984634399,26.6158588904196804492130468133836984634399,2.0515266407184196140178755740635097026825
16.60000,16.1890162694222894401718804147094488143921,39.1670627885010773638896353077143430709839,26.6515432043000473072424938436597585678101,26.6515432043000473072424938436597585678101,2.0529926493232695250412689347285777330399
16.70000,16.2755059979913454526467830874025821685791,39.1510563884875040230326703749597072601318,26.6860095356687381240590184461325407028198,26.6860095356687381240590184461325407028198,2.0545433151413741157398362702224403619766
16.80000,16.3618444941770952993920218432322144508362,39.1318534192121987302925845142453908920288,26.7187651147945750551571109099313616752625,26.7187651147945750551571109099313616752625,2.0561676838001470279948534880531951785088
16.90000,16.4481057614636512198558193631470203399658,39.1094308054503727589690242893993854522705,26.7498548946275107596193265635520219802856,26.7498548946275107596193265635520219802856,2.0578267776590024595861905254423618316650
17.00000,16.5344106905334271573337900917977094650269,39.0847761092407282035310345236212015151978,26.7798579320863971986454998841509222984314,26.7798579320863971986454998841509222984314,2.0594709356013645162875036476179957389832
17.10000,16.6208982939674640988414466846734285354614,39.0594348806859485989662061911076307296753,26.8096369642805250066430744482204318046570,26.8096369642805250066430744482204318046570,2.0610592460923675695028123300289735198021
17.20000,16.7076926944686370291037746937945485115051,39.0347742272520008555147796869277954101562,26.8399481049943666732815472641959786415100,26.8399481049943666732815472641959786415100,2.0625707117319089789475583529565483331680
17.30000,16.7948739410214784584240987896919250488281,39.0113089844565621433503110893070697784424,26.8710866315872216603111155563965439796448,26.8710866315872216603111155563965439796448,2.0640096623035963929737590660806745290756
17.40000,16.8824596800955539777078229235485196113586,38.9884154737336743323794507887214422225952,26.9027351999806363380685070296749472618103,26.9027351999806363380685070296749472618103,2.0654047538679587425747286033583804965019
17.50000,16.9704019526044511678719572955742478370667,38.9645739451431651900747965555638074874878,26.9340913395375203265302843647077679634094,26.9340913395375203265302843647077679634094,2.0667932186725805898674934724112972617149
17.60000,17.0585996303836289200717146741226315498352,38.9380193417782578535479842685163021087646,26.9642132887109404748571250820532441139221,26.9642132887109404748571250820532441139221,2.0681923947400080443514980288455262780190
17.70000,17.1469231993442967620921990601345896720886,38.9074742220971501183157670311629772186279,26.9924097345766256239585345610976219177246,26.9924097345766256239585345610976219177246,2.0695779522881947443124772689770907163620
17.80000,17.2352456756548697569542127894237637519836,38.8726068651820710897482058499008417129517,27.0184824458392220947189343860372900962830,27.0184824458392220947189343860372900962830,2.0708876491584957690861301671247929334641
17.90000,17.3234720879731121101485769031569361686707,38.8340238094488654496672097593545913696289,27.0427232326484201507810212206095457077026,27.0427232326484201507810212206095457077026,2.0720494321251301528263866202905774116516
18.00000,17.4115604501063501174940029159188270568848,38.7928672822923132912364962976425886154175,27.0657073715374529854216234525665640830994,27.0657073715374529854216234525665640830994,2.0730129893237512206383144075516611337662
18.10000,17.4995293194725967111935460707172751426697,38.7502867630724523451135610230267047882080,27.0880265598028877604974695714190602302551,27.0880265598028877604974695714190602302551,2.0737629629392766439366369013441726565361
18.20000,17.5874503416709586645083618350327014923096,38.7070804963539032428343489300459623336792,27.1101102839951266787466011010110378265381,27.1101102839951266787466011010110378265381,2.0743102700346018885113608121173456311226
18.30000,17.6754278255251868756658950587734580039978,38.6636567316759141021975665353238582611084,27.1322047597653366324266244191676378250122,27.1322047597653366324266244191676378250122,2.0746750376704321539023112563882023096085
18.40000,17.7635705071674472321774373995140194892883,38.6202482539018845386635803151875734329224,27.1544725498034189570262242341414093971252,27.1544725498034189570262242341414093971252,2.0748736614624991858590874471701681613922
18.50000,17.8519624978436617368515726411715149879456,38.5771639427754564621864119544625282287598,27.1771068583691040032590535702183842658997,27.1771068583691040032590535702183842658997,2.0749127238809048634493592544458806514740
18.60000,17.9406405227238074928663991158828139305115,38.5348613060656646212009945884346961975098,27.2003551412764679184874694328755140304565,27.2003551412764679184874694328755140304565,2.0747915462365336125571957381907850503922
18.70000,18.0295829266766958198786596767604351043701,38.4937616186880902091616007965058088302612,27.2244130427520154569265287136659026145935,27.2244130427520154569265287136659026145935,2.0745184598607595560793015465606003999710
18.80000,18.1187129682722556367480137851089239120483,38.4539162869213626549935725051909685134888,27.2492467454881577282321813981980085372925,27.2492467454881577282321813981980085372925,2.0741357642173046116340628941543400287628
18.90000,18.2079153985229567069836775772273540496826,38.4147575095215074725274462252855300903320,27.2744709307955375265919428784400224685669,27.2744709307955375265919428784400224685669,2.0737310464533944553977562463842332363129
19.00000,18.2970621083439581866514345165342092514038,38.3751448088900772859233256895095109939575,27.2993959798848493392142700031399726867676,27.2993959798848493392142700031399726867676,2.0734149574643385705030596000142395496368
19.10000,18.3860405064553233955848554614931344985962,38.3337477625860216789988044183701276779175,27.3232579262011192611225851578637957572937,27.3232579262011192611225851578637957572937,2.0732724166391047759816501638852059841156
19.20000,18.4747777414693601372164266649633646011353,38.2895846074569519146280072163790464401245,27.3455214755416378125119081232696771621704,27.3455214755416378125119081232696771621704,2.0733193978430350945529880846152082085609
19.30000,18.5632549989113684318908781278878450393677,38.2424172115823921558330766856670379638672,27.3660880080113031453947769477963447570801,27.3660880080113031453947769477963447570801,2.0734961944711538528451910678995773196220
19.40000,18.6515085844219150601475121220573782920837,38.1927746632329458975618763361126184463501,27.3852908509030257278027420397847890853882,27.3852908509030257278027420397847890853882,2.0737015458488081698362748284125700592995
19.50000,18.7396177386611810788963339291512966156006,38.1415963456949427268227736931294202804565,27.4036850096969395451651507755741477012634,27.4036850096969395451651507755741477012634,2.0738440649622491562809045717585831880569
19.60000,18.8276823405194733140888274647295475006104,38.0897071167569549743348034098744392395020,27.4217537994466304951401980360969901084900,27.4217537994466304951401980360969901084900,2.0738818583831752917490121035370975732803
19.70000,18.9157960725569722626460134051740169525146,38.0374229476653979986622289288789033889771,27.4396914614809084298485686304047703742981,27.4396914614809084298485686304047703742981,2.0738360972605534016111050732433795928955
19.80000,19.0040216613940984302644210401922464370728,37.9844901340753438034880673512816429138184,27.4573674836146643940537614980712532997131,27.4573674836146643940537614980712532997131,2.0737768282401169983586441958323121070862
19.90000,19.0923742153215378891673026373609900474548,37.9303529979671267824414826463907957077026,27.4744710103339286888513015583157539367676,27.4744710103339286888513015583157539367676,2.0737851926208121788874905178090557456017
