0.00000,2.0000179259115222762943631096277385950089,4.0000537777345668288830893288832157850266,2.0000358518230441084995163691928610205650,2.0000358518230441084995163691928610205650,2.0000000000000000000000000000000000000000
0.10000,2.0000060213424659671943572902819141745567,4.0000180640273974574938620207831263542175,2.0000120426849314902995047305012121796608,2.0000120426849314902995047305012121796608,2.0000000000000000000000000000000000000000
0.20000,2.0002536860342559066339163109660148620605,4.0007610581027668317233292327728122472763,2.0005073720685113691786227718694135546684,2.0005073720685113691786227718694135546684,2.0000000000000000000000000000000000000000
0.30000,2.0023968344936342589335254160687327384949,4.0071905034809036649789959483314305543900,2.0047936689872689619562606822000816464424,2.0047936689872689619562606822000816464424,2.0000000000000000000000000000000000000000
0.40000,2.0104878178644791653084666904760524630547,4.0314634535934370518361902213655412197113,2.0209756357289578865277235308894887566566,2.0209756357289578865277235308894887566566,2.0000000000000000000000000000000000000000
0.50000,2.0307933437092904327414544241037219762802,4.0923800311278712982243632723111659288406,2.0615866874185808654829088482074439525604,2.0615866874185808654829088482074439525604,2.0000000000000000000000000000000000000000
0.60000,2.0701555600886427654927501862403005361557,4.2104666802659291846566702588461339473724,2.1403111201772859750747102225432172417641,2.1403111201772859750747102225432172417641,2.0000000000000000000000000000000000000000
0.70000,2.1337755178490520613365788449300453066826,4.4013265535471566280989463848527520895004,2.2675510356981045667623675399227067828178,2.2675510356981045667623675399227067828178,2.0000000000000000000000000000000000000000
0.80000,2.2234761945411367634051202912814915180206,4.6704285836234094020369411737192422151566,2.4469523890822730827210307325003668665886,2.4469523890822730827210307325003668665886,2.0000000000000000000000000000000000000000
0.90000,2.3370925218503613152165598876308649778366,5.0112775655510848338280993630178272724152,2.6741850437007230745223296253243461251259,2.6741850437007230745223296253243461251259,2.0000000000000000000000000000000000000000
1.00000,2.4690295886102737732414880156284198164940,5.4070887658308208756352541968226432800293,2.9380591772205475464829760312568396329880,2.9380591772205475464829760312568396329880,2.0000000000000000000000000000000000000000
1.10000,2.6116017347008231297422753414139151573181,5.8348052041024693892268260242417454719543,3.2232034694016467035737605328904464840889,3.2232034694016467035737605328904464840889,2.0000000000000000000000000000000000000000
1.20000,2.7566341281598818468978606688324362039566,6.2699023844796455406935820064973086118698,3.5132682563197636937957213376648724079132,3.5132682563197636937957213376648724079132,2.0000000000000000000000000000000000000000
1.30000,2.8968968340394973814966306235874071717262,6.6906905021184925885791017208248376846313,3.7937936680789952070824710972374305129051,3.7937936680789952070824710972374305129051,2.0000000000000000000000000000000000000000
1.40000,3.0271178279866108873363828024594113230705,7.0813534839598331060983582574408501386642,4.0542356559732217746727656049188226461411,4.0542356559732217746727656049188226461411,2.0000000000000000000000000000000000000000
1.50000,3.1444881229300167824192158150253817439079,7.4334643687900507913468572951387614011765,4.2889762458600335648384316300507634878159,4.2889762458600335648384316300507634878159,2.0000000000000000000000000000000000000000
1.60000,3.2486848249803079724529197847004979848862,7.7460544749409239173587593541014939546585,4.4973696499606159449058395694009959697723,4.4973696499606159449058395694009959697723,2.0000000000000000000000000000000000000000
1.70000,3.3414953725601610479145620047347620129585,8.0244861176804835878328958642669022083282,4.6829907451203220958291240094695240259171,4.6829907451203220958291240094695240259171,2.0000000000000000000000000000000000000000
1.80000,3.4261519120406118688038077380042523145676,8.2784557361218364945898429141379892826080,4.8523038240812237376076154760085046291351,4.8523038240812237376076154760085046291351,2.0000000000000000000000000000000000000000
1.90000,3.5065041918106572005342513875802978873253,8.5195125754319711575135443126782774925232,5.0130083836213144010685027751605957746506,5.0130083836213144010685027751605957746506,2.0000000000000000000000000000000000000000
2.00000,3.5861801091972407284913515468360856175423,8.7585403275917226295632644905708730220795,5.1723602183944814569827030936721712350845,5.1723602183944814569827030936721712350845,2.0000000000000000000000000000000000000000
2.10000,3.6678906114123406290161710785469040274620,9.0036718342370214429593033855780959129333,5.3357812228246812580323421570938080549240,5.3357812228246812580323421570938080549240,2.0000000000000000000000000000000000000000
2.20000,3.7530093153985726317500848381314426660538,9.2590279461957187834286742145195603370667,5.5060186307971452635001696762628853321075,5.5060186307971452635001696762628853321075,2.0000000000000000000000000000000000000000
2.30000,3.8414921087859235093731058441335335373878,9.5244763263577691958516879822127521038055,5.6829842175718461305677919881418347358704,5.6829842175718461305677919881418347358704,2.0000000000000000000000000000000000000000
2.40000,3.9321170148175985659122488868888467550278,9.7963510444527948095583269605413079261780,5.8642340296351971318244977737776935100555,5.8642340296351971318244977737776935100555,2.0000000000000000000000000000000000000000
2.50000,4.0229504727879694669923082983586937189102,10.0688514183639021837279869941994547843933,6.0459009455759362694493574963416904211044,6.0459009455759362694493574963416904211044,2.0000000000000000000000000000000000000000
2.60000,4.1119064283529676018247300817165523767471,10.3357192850588717192295007407665252685547,6.2238128567059192164379055611789226531982,6.2238128567059192164379055611789226531982,2.0000000000000000000000000000000000000000
2.70000,4.1972649032909323807416512863710522651672,10.5917947098726639154619988403283059597015,6.3945298065817981481018250633496791124344,6.3945298065817981481018250633496791124344,2.0000000000000000000000000000000000000000
2.80000,4.2780471266753874459709550137631595134735,10.8341413800255956800810963613912463188171,6.5560942533504915630260256875772029161453,6.5560942533504915630260256875772029161453,2.0000000000000000000000000000000000000000
2.90000,4.3541890265239153734455612720921635627747,11.0625670795694119874497118871659040451050,6.7083780530466636804476365796290338039398,6.7083780530466636804476365796290338039398,2.0000000000000000000000000000000000000000
3.00000,4.4265009953091105643352420884184539318085,11.2795029859180626630177357583306729793549,6.8530019906135866136764889233745634555817,6.8530019906135866136764889233745634555817,2.0000000000000000000000000000000000000000
3.10000,4.4964426825748509131130958849098533391953,11.4893280476892201136251969728618860244751,6.9928853651320350692799365788232535123825,6.9928853651320350692799365788232535123825,2.0000000000000000000000000000000000000000
3.20000,4.5657743778417891888921076315455138683319,11.6973231333965337341851409291848540306091,7.1315487556191614615386242803651839494705,7.1315487556191614615386242803651839494705,2.0000000000000000000000000000000000000000
3.30000,4.6361682264281540710726403631269931793213,11.9085046788357509228717390215024352073669,7.2723364526319524969721896923147141933441,7.2723364526319524969721896923147141933441,2.0000000000000000000000000000000000000000
3.40000,4.7088680711295713976483057194855064153671,12.1266042118957546591673235525377094745636,7.4177361415126625843186047859489917755127,7.4177361415126625843186047859489917755127,2.0000000000000000000000000000000000000000
3.50000,4.7844721767593929584450052061583846807480,12.3534165255267538441330543719232082366943,7.5689443511430729571998199389781802892685,7.5689443511430729571998199389781802892685,2.0000000000000000000000000000000000000000
3.60000,4.8628801737653528647342682234011590480804,12.5886405068045128530229703756049275398254,7.7257603402849319707001995993778109550476,7.7257603402849319707001995993778109550476,2.0000000000000013322676295501878485083580
3.70000,4.9434031930369970453398309473413974046707,12.8302095366688391209208930376917123794556,7.8868063648529140863274733419530093669891,7.8868063648529140863274733419530093669891,2.0000000000000075495165674510644748806953
3.80000,5.0249971481898603187232765776570886373520,13.0749913250030900258025212679058313369751,8.0499942365964525237131965695880353450775,8.0499942365964525237131965695880353450775,2.0000000000000466293670342565746977925301
3.90000,5.1065542229261025042319488420616835355759,13.3196623444318564821742256754077970981598,8.2131082836788475987077617901377379894257,8.2131082836788475987077617901377379894257,2.0000000000002651212582804873818531632423
4.00000,5.1871814095347064110796964087057858705521,13.5615433811577261735692445654422044754028,8.3743623953455053054995005368255078792572,8.3743623953455053054995005368255078792572,2.0000000000014210854715202003717422485352
4.10000,5.2664055231202615559027435665484517812729,13.7992144377133563182269426761195063591003,8.5328099804132317984795008669607341289520,8.5328099804132317984795008669607341289520,2.0000000000071538330814746586838737130165
4.20000,5.3442658668851947822986403480172157287598,14.0327924436892477189076089416630566120148,8.6885291552703467488072419655509293079376,8.6885291552703467488072419655509293079376,2.0000000000337494476809752086410298943520
4.30000,5.4212825268420665736357477726414799690247,14.2638355952928463921125512570142745971680,8.8425590609929329843907908070832490921021,8.8425590609929329843907908070832490921021,2.0000000001490461087882977153640240430832
4.40000,5.4983151357443178497419467021245509386063,14.4949186748771943200608802726492285728455,8.9966169050028330644863672205246984958649,8.9966169050028330644863672205246984958649,2.0000000006158473730977220839122310280800
4.50000,5.5763497393461021189864368352573364973068,14.7289920291082072623112253495492041110992,9.1526708830363912028360573458485305309296,9.1526708830363912028360573458485305309296,2.0000000023815265315363376430468633770943
4.60000,5.6562660757734279926012277428526431322098,14.9686808853567736576906099799089133739471,9.3124734762514638219954576925374567508698,9.3124734762514638219954576925374567508698,2.0000000086272731181225026375614106655121
4.70000,5.7386404877347079178662170306779444217682,15.2156904275485427291414453065954148769379,9.4771654429850276102342832018621265888214,9.4771654429850276102342832018621265888214,2.0000000293131958706283057836117222905159
4.80000,5.8236292831526661473162675974890589714050,15.4704509410334676289267008542083203792572,9.6470400653320673711732524679973721504211,9.6470400653320673711732524679973721504211,2.0000000935220003661640930658904835581779
4.90000,5.9109559079639941714390261040534824132919,15.7320732316930467220572609221562743186951,9.8215144296511258659165832796134054660797,9.8215144296511258659165832796134054660797,2.0000002803547887175739106169203296303749
5.00000,5.9999988050705415076890858472324907779694,15.9986055593804685770464857341721653938293,9.9993017874149341395195733639411628246307,9.9993017874149341395195733639411628246307,2.0000007896211404734287953033344820141792
5.10000,6.0899528649434335747514523973222821950912,16.2675122989592928490765189053490757942200,10.1787315380484066906774387462064623832703,10.1787315380484066906774387462064623832703,2.0000020878059130424730938102584332227707
5.20000,6.1800220606998781391894226544536650180817,16.5362498891982490079044509911909699440002,10.3581333874845409326326262089423835277557,10.3581333874845409326326262089423835277557,2.0000051749290435054717818275094032287598
5.30000,6.2695969690543211783051447127945721149445,16.8028053519425171202783531043678522109985,10.5361951585534949771272295038215816020966,10.5361951585534949771272295038215816020966,2.0000120038898483443290388095192611217499
5.40000,6.3583777224951978368494565074797719717026,17.0660838027381593917652935488149523735046,10.7122177538551337505623450851999223232269,10.7122177538551337505623450851999223232269,2.0000260175230897274900598858948796987534
5.50000,6.4464176334701770443302848434541374444962,17.3260737715117976165402069455012679100037,10.8862193823709780815534031717106699943542,10.8862193823709780815534031717106699943542,2.0000526402400207182097346958471462130547
5.60000,6.5340815995058765253133969963528215885162,17.5837703556907456459157401695847511291504,11.0588762655300794079948900616727769374847,11.0588762655300794079948900616727769374847,2.0000994241364624670609373424667865037918
5.70000,6.6219326847110124845130485482513904571533,17.8408850376455525577057414921000599861145,11.2313210948376553943717226502485573291779,11.2313210948376553943717226502485573291779,2.0001755326812538093861348897917196154594
5.80000,6.7105762525383259031741545186378061771393,18.0994089891481770848713495070114731788635,11.4048473873935272138169239042326807975769,11.4048473873935272138169239042326807975769,2.0002904668994507808577054674969986081123
5.90000,6.8005001977178736183304863516241312026978,18.3611185273369592607650702120736241340637,11.5805831885754546561884126276709139347076,11.5805831885754546561884126276709139347076,2.0004523479039226785403116082306951284409
6.00000,6.8919497338080697446116573701146990060806,18.6271150362129311872649850556626915931702,11.7591991945612477366012171842157840728760,11.7591991945612477366012171842157840728760,2.0006663808985036823173686570953577756882
6.10000,6.9848655692830785568503415561281144618988,18.8974786571366060172749712364748120307922,11.9407051157908323801848382572643458843231,11.9407051157908323801848382572643458843231,2.0009339948380202578448461281368508934975
6.20000,7.0788976629319932953876559622585773468018,19.1710901531149566778822190826758742332458,12.1243676586419741880717992899008095264435,12.1243676586419741880717992899008095264435,2.0012524987630015971262764651328325271606
6.30000,7.1734877495826614435259216406848281621933,19.4456453179090509308934997534379363059998,12.3087593086458362279245193349197506904602,12.3087593086458362279245193349197506904602,2.0016144502000390303919630241580307483673
6.40000,7.2679976239804586768400440632831305265427,19.7178588408455652825068682432174682617188,12.4919248732812047109064224059693515300751,12.4919248732812047109064224059693515300751,2.0020067182636145375340674945618957281113
6.50000,7.3618506491677431213815907540265470743179,19.9838369518656264745004591532051563262939,12.6716375673407881663479201961308717727661,12.6716375673407881663479201961308717727661,2.0024124663517954836322587652830407023430
6.60000,7.4546527490556933059906441485509276390076,20.2395901940080520375886408146470785140991,12.8457110123989011185585695784538984298706,12.8457110123989011185585695784538984298706,2.0028209182659417741945162561023607850075
6.70000,7.5462656841836199816953012486919760704041,20.4816445028016218543598370160907506942749,13.0123338089088456115405278978869318962097,13.0123338089088456115405278978869318962097,2.0032425691675515011525021691340953111649
6.80000,7.6368176079549430212978222698438912630081,20.7076767047959080514374363701790571212769,13.1703883961208187969305072329007089138031,13.1703883961208187969305072329007089138031,2.0037175205092161434095032745972275733948
6.90000,7.7266508797894744020595680922269821166992,20.9170569453297332529473351314663887023926,13.3197003359119214849215495632961392402649,13.3197003359119214849215495632961392402649,2.0043071532953633528961745469132438302040
7.00000,7.8162216756231668313148475135676562786102,21.1111440050847285476720571750774979591370,13.4611470908016084280234281322918832302094,13.4611470908016084280234281322918832302094,2.0050714991046802992968878243118524551392
7.10000,7.9059769224617246763386901875492185354233,21.2931703188192642528520082123577594757080,13.5965521008024339266739843878895044326782,13.5965521008024339266739843878895044326782,2.0060430396761188553966803738148882985115
7.20000,7.9962388860511923738272344053257256746292,21.4675996407873945770461432402953505516052,13.7283144471434770395035229739733040332794,13.7283144471434770395035229739733040332794,2.0072096325516319836879119975492358207703
7.30000,8.0871250590541041702863367390818893909454,21.6389681862639911003043380333110690116882,13.8587882691209660634967804071493446826935,13.8587882691209660634967804071493446826935,2.0085167070761631435971139580942690372467
7.40000,8.1785214685875757822941523045301437377930,21.8104229966522424888353270944207906723022,13.9895266984805619614462557365186512470245,13.9895266984805619614462557365186512470245,2.0098910682786952364153876260388642549515
7.50000,8.2701137404754749837820781976915895938873,21.9823771696317251667096570599824190139771,14.1206065416415107449665811145678162574768,14.1206065416415107449665811145678162574768,2.0112778268241768842017336282879114151001
7.60000,8.3614659925936631879039850900880992412567,22.1517839556661009225990710547193884849548,14.2502874362109253070229897275567054748535,14.2502874362109253070229897275567054748535,2.0126750758379139405462865397566929459572
7.70000,8.4521265727534018452615782734937965869904,22.3123930430807249081226473208516836166382,14.3751837502929387113681514165364205837250,14.3751837502929387113681514165364205837250,2.0141521152482488865587129112100228667259
7.80000,8.5417343079233329916633010725490748882294,22.4560221835687841007711540441960096359253,14.4909567582522438300429712398909032344818,14.4909567582522438300429712398909032344818,2.0158429749876307646161421871511265635490
7.90000,8.6301000855695892965968596399761736392975,22.5745103349668987391396512975916266441345,14.5933481177674000406341292546130716800690,14.5933481177674000406341292546130716800690,2.0179141850016875103790425782790407538414
8.00000,8.7172454604816209666751092299818992614746,22.6617829938189636607148713665083050727844,14.6792569458502466517302309512160718441010,14.6792569458502466517302309512160718441010,2.0205145626000908798403088439954444766045
8.10000,8.8033906892350994866092150914482772350311,22.7154330380275268908008001744747161865234,14.7475504191593635994195210514590144157410,14.7475504191593635994195210514590144157410,2.0237228889439000667493928631301969289780
8.20000,8.8888966609385402506404716405086219310760,22.7373714440746077514177159173414111137390,14.7993776225508764099458858254365622997284,14.7993776225508764099458858254365622997284,2.0275128599113956262556257570395246148109
8.30000,8.9741759476704299203220216440968215465546,22.7333563033492467297946859616786241531372,14.8378896206122217193978940485976636409760,14.8378896206122217193978940485976636409760,2.0317530097952358758561786089558154344559
8.40000,9.0595951915911161478334179264493286609650,22.7115049083905091720225755125284194946289,14.8674244741252756796257017413154244422913,14.8674244741252756796257017413154244422913,2.0362511517310748487830096564721316099167
8.50000,9.1453925762175067859516275348141789436340,22.6801895571125093908904091222211718559265,14.8923735085287098911521752597764134407043,14.8923735085287098911521752597764134407043,2.0408351162725941740916368871694430708885
8.60000,9.2316297885624365449075412470847368240356,22.6459523497161043792402779217809438705444,14.9160727915618611660875103552825748920441,14.9160727915618611660875103552825748920441,2.0454365551548181478835886082379147410393
8.70000,9.3181888212361450030130072264000773429871,22.6121431897715297054674010723829269409180,14.9401022016339677378482519998215138912201,14.9401022016339677378482519998215138912201,2.0501276077397365682486451987642794847488
8.80000,9.4048126447662827587237188708968460559845,22.5787750429908662397338048322126269340515,14.9642569221651218214219625224359333515167,14.9642569221651218214219625224359333515167,2.0550738434269026910783395578619092702866
8.90000,9.4911781958296650429929286474362015724182,22.5435978283898386109740386018529534339905,14.9871805363785632891904242569580674171448,14.9871805363785632891904242569580674171448,2.0604149514623788519429581356234848499298
9.00000,9.5769828825210776557241842965595424175262,22.5038369695452509233746241079643368721008,15.0073419227573587875212979270145297050476,15.0073419227573587875212979270145297050476,2.0661360065516092276993731502443552017212
9.10000,9.6620234273329206331482055247761309146881,22.4577763415378761635565751930698752403259,15.0238947164853655635852192062884569168091,15.0238947164853655635852192062884569168091,2.0720103359000661136235521553317084908485
9.20000,9.7462485608953066673620924120768904685974,22.4055527902416997676482424139976501464844,15.0370709369422854706499492749571800231934,15.0370709369422854706499492749571800231934,2.0776594772524337173535968759097158908844
9.30000,9.8297739080301482772483723238110542297363,22.3489862541080590574438247131183743476868,15.0480366337456743508482759352773427963257,15.0480366337456743508482759352773427963257,2.0826868946468581889064353163121268153191
9.40000,9.9128566538955151798973020049743354320526,22.2907175240345445388356893090531229972839,15.0583921582347581846761386259458959102631,15.0583921582347581846761386259458959102631,2.0867898614605469020943928626365959644318
9.50000,9.9958371234534872940002969698980450630188,22.2331895108943484729024930857121944427490,15.0696067140903089409675885690376162528992,15.0696067140903089409675885690376162528992,2.0898132061672143322539341170340776443481
9.60000,10.0790620969679505236626937403343617916107,22.1779816059807863837249897187575697898865,15.0826349943784592255724419374018907546997,15.0826349943784592255724419374018907546997,2.0917737141918162357967503339750692248344
9.70000,10.1628087256488583989266771823167800903320,22.1257223115578547378845541970804333686829,15.0978359024610888639017503010109066963196,15.0978359024610888639017503010109066963196,2.0928592322845362971861504775006324052811
9.80000,10.2472273161027143117962623364292085170746,22.0764443792152320611421600915491580963135,15.1151531529796976371926575666293501853943,15.1151531529796976371926575666293501853943,2.0933653893585533189991565450327470898628
9.90000,10.3323161790274244964393801637925207614899,22.0300125247109441772863647202029824256897,15.1343759626475495849717844976112246513367,15.1343759626475495849717844976112246513367,2.0935767784432717242282251390861347317696
10.00000,10.4179335359776601421799568925052881240845,21.9862611931004607868089806288480758666992,15.1552576045405551496969565050676465034485,15.1552576045405551496969565050676465034485,2.0936795199970115177734442113433033227921
10.10000,10.5038423230856778900488279759883880615234,21.9447238879291113278213742887601256370544,15.1773982906647812995970525662414729595184,15.1773982906647812995970525662414729595184,2.0937696296852266186760971322655677795410
10.20000,10.5897759639539827958287787623703479766846,21.9041851531834907973461668007075786590576,15.2000234893880517006437003146857023239136,15.2000234893880517006437003146857023239136,2.0939141383613675273522858333308249711990
10.30000,10.6755086362207016748016030760481953620911,21.8625003753369426817698695231229066848755,15.2219147044488956055374728748574852943420,15.2219147044488956055374728748574852943420,2.0941796026598558100317859498318284749985
10.40000,10.7609131152221522143008769489824771881104,21.8170085155106008301117981318384408950806,15.2416596960382850767246054601855576038361,15.2416596960382850767246054601855576038361,2.0946022386561824468742543103871867060661
10.50000,10.8459928011282880078169910120777785778046,21.7654581886473543761439941590651869773865,15.2581540012035468123485770775005221366882,15.2581540012035468123485770775005221366882,2.0951429873685505356206704163923859596252
10.60000,10.9308810274657357552996472804807126522064,21.7069746448372633551571198040619492530823,15.2710892832068907409848179668188095092773,15.2710892832068907409848179668188095092773,2.0956771058892180725763410009676590561867
10.70000,11.0158086527100476104124027187936007976532,21.6425135724990731489469908410683274269104,15.2811489090623311426497821230441331863403,15.2811489090623311426497821230441331863403,2.0960244070844558095245702133979648351669
10.80000,11.1010484462946319439424769370816648006439,21.5745267906596787099715584190562367439270,15.2897893324160794037425148417241871356964,15.2897893324160794037425148417241871356964,2.0959965721221509582505859725642949342728
10.90000,11.1868501669392319541884717182256281375885,21.5059957412941606946787942433729767799377,15.2986958273692703613733101519756019115448,15.2986958273692703613733101519756019115448,2.0954542534948554788343244581483304500580
11.00000,11.2733822081993171337899184436537325382233,21.4393082961931433771951560629531741142273,15.3091583440687450945461023366078734397888,15.3091583440687450945461023366078734397888,2.0943738162549725423389190837042406201363
11.10000,11.3606937622592951697697571944445371627808,21.3755161114866503169196221278980374336243,15.3216630321094058331254927907139062881470,15.3216630321094058331254927907139062881470,2.0928838095271360408844429912278428673744
11.20000,11.4487061308624689104362914804369211196899,21.3142967430909671122662984998896718025208,15.3358914238505903426812437828630208969116,15.3358914238505903426812437828630208969116,2.0912200262522544491616827144753187894821
11.30000,11.5372344945834868212841683998703956604004,21.2545502518924287471691059181466698646545,15.3510846679192223263044070336036384105682,15.3510846679192223263044070336036384105682,2.0896154106374686953984110004967078566551
11.40000,11.6260340405071929126279428601264953613281,21.1952033369734635925851762294769287109375,15.3665131962270891108346404507756233215332,15.3665131962270891108346404507756233215332,2.0882109850264791717222578881774097681046
11.50000,11.7148586855253693528311487170867621898651,21.1357189073840245896462874952703714370728,15.3817627989180856218354165321215987205505,15.3817627989180856218354165321215987205505,2.0870519950732226988066031481139361858368
11.60000,11.8035180042346325990365585312247276306152,21.0760758071622156251123669790104031562805,15.3967246606428957989010086748749017715454,15.3967246606428957989010086748749017715454,2.0861444901110557381684884603600949048996
11.70000,11.8919188420921653204231915879063308238983,21.0163910204057984287828730884939432144165,15.4114041186924559667659195838496088981628,15.4114041186924559667659195838496088981628,2.0855016251130509274958058085758239030838
11.80000,11.9800821020066283750793445506133139133453,20.9565856003747796876268694177269935607910,15.4257641770591504837284446693956851959229,15.4257641770591504837284446693956851959229,2.0851393482631110920522132801124826073647
11.90000,12.0681313108289334223854893934912979602814,20.8963896487586140437997528351843357086182,15.4397408705914678250792348990216851234436,15.4397408705914678250792348990216851234436,2.0850392184046109278483527305070310831070
12.00000,12.1562563621105486078022295259870588779449,20.8356548582094944777054479345679283142090,15.4533962142383956006597145460546016693115,15.4533962142383956006597145460546016693115,2.0851187918432505519206188182579353451729
12.10000,12.2446617202894429965454037301242351531982,20.7746658026828150411802198505029082298279,15.4670527848142302929090874386020004749298,15.4670527848142302929090874386020004749298,2.0852219533437961196398191532352939248085
12.20000,12.3335119676325479787237782147713005542755,20.7141222777614864014594786567613482475281,15.4812594957265989847883247421123087406158,15.4812594957265989847883247421123087406158,2.0851152539408372987850270874332636594772
12.30000,12.4228879997283119251960670226253569126129,20.6546996934672613122074835700914263725281,15.4965467756300796509094652719795703887939,15.4965467756300796509094652719795703887939,2.0844941419354148237630397488828748464584
12.40000,12.5127643248954534271888405783101916313171,20.5964054088790611274362163385376334190369,15.5130782298114660022747557377442717552185,15.5130782298114660022747557377442717552185,2.0830132741515825500755454413592815399170
12.50000,12.6030125435288553603641048539429903030396,20.5381311169723765885919419815763831138611,15.5304157508064797355018527014181017875671,15.5304157508064797355018527014181017875671,2.0803121588882702575062921823700889945030
12.60000,12.6934295807522197208072611829265952110291,20.4777298225985262547510501462966203689575,15.5475852809347188099309278186410665512085,15.5475852809347188099309278186410665512085,2.0759888414813101320532950921915471553802
12.70000,12.7837832798535533385120288585312664508820,20.4126427726885637525811034720391035079956,15.5634436352462692809694999596104025840759,15.5634436352462692809694999596104025840759,2.0695387820495780850649225612869486212730
12.80000,12.8738639816149778027920547174289822578430,20.3407582927933212602056300966069102287292,15.5771398747232527881578789674676954746246,15.5771398747232527881578789674676954746246,2.0603425249617948189495564292883500456810
12.90000,12.9635295894289939155896718148142099380493,20.2610477694993953434732247842475771903992,15.5884083986472248284371744375675916671753,15.5884083986472248284371744375675916671753,2.0477605616339409344561772741144523024559
13.00000,13.0527334962885319669112504925578832626343,20.1736978736076082441286416724324226379395,15.5975613511695048174487965297885239124298,15.5975613511695048174487965297885239124298,2.0313086675571301320530892553506419062614
13.10000,13.1415290824844870343213187879882752895355,20.0798103109504353369629825465381145477295,15.6052474199930450993178965291008353233337,15.6052474199930450993178965291008353233337,2.0108445534488312844700885761994868516922
13.20000,13.2300502173389293858463133801706135272980,19.9809799243453056760699837468564510345459,15.6121626515628459941353867179714143276215,15.6121626515628459941353867179714143276215,1.9867048385585441838685483162407763302326
13.30000,13.3184729654530187303862476255744695663452,19.8790103914752727121140196686610579490662,15.6188744763859244102377488161437213420868,15.6188744763859244102377488161437213420868,1.9597344041564415118017450367915444076061
13.40000,13.4069681489256460338310716906562447547913,19.7758081725445613585634418996050953865051,15.6258018452116740348856183118186891078949,15.6258018452116740348856183118186891078949,1.9311726310468606548909065168118104338646
13.50000,13.4956564813274901837303332285955548286438,19.6733282259991320017888938309624791145325,15.6332759534640981513575752614997327327728,15.6332759534640981513575752614997327327728,1.9024328003984272150717060867464169859886
13.60000,13.5845771601957547858319230726920068264008,19.5734243664688634112280851695686578750610,15.6415552020200046001718874322250485420227,15.6415552020200046001718874322250485420227,1.8748911226246094408054432278731837868690
13.70000,13.6736773038512939848487803828902542591095,19.4775271686128803594328928738832473754883,15.6507139311858516350639547454193234443665,15.6507139311858516350639547454193234443665,1.8497766100924704080199489908409304916859
13.80000,13.7628243611927647549464381881989538669586,19.3862117970306506720135075738653540611267,15.6604519231390870714903940097428858280182,15.6604519231390870714903940097428858280182,1.8281323119452441705590217679855413734913
13.90000,13.8518379696511981791218204307369887828827,19.2989342573740749742228217655792832374573,15.6699863579633138499502820195630192756653,15.6699863579633138499502820195630192756653,1.8107995110986485620685471076285466551781
14.00000,13.9405331042092779370022981311194598674774,19.2142738160246580036982777528464794158936,15.6781705569857567894587191403843462467194,15.6781705569857567894587191403843462467194,1.7984658062624216956493228281033225357533
14.10000,14.0287638432137526933729532174766063690186,19.1307233634422786394679860677570104598999,15.6838286009307754653718802728690207004547,15.6838286009307754653718802728690207004547,1.7918300047944797359633639644016511738300
14.20000,14.1164571937500014087163435760885477066040,19.0476494886137004414194962009787559509277,15.6861328176194145811450653127394616603851,15.6861328176194145811450653127394616603851,1.7918410471248709114888697513379156589508
14.30000,14.2036290440016212954787988564930856227875,18.9658986443798589505149720935150980949402,15.6848196384662745828109109424985945224762,15.6848196384662745828109109424985945224762,1.7998884114489281937920850396039895713329
14.40000,14.2903787531639956398521462688222527503967,18.8877497318518514646257244748994708061218,15.6801552265816859232927527045831084251404,15.6801552265816859232927527045831084251404,1.8178180318524732594909210092737339437008
14.50000,14.3768640783777481573224577005021274089813,18.8162700544472727415268309414386749267578,15.6727227942981013342205187655054032802582,15.6727227942981013342205187655054032802582,1.8476885442288186744974609609926119446754
14.60000,14.4632628464294423764613384264521300792694,18.7543757639694881333980447379872202873230,15.6631905641685822416775408782996237277985,15.6631905641685822416775408782996237277985,1.8912574820617642501474620075896382331848
14.70000,14.5497308851679232333253821707330644130707,18.7039567835957036834315658779814839363098,15.6521918947039520020325653604231774806976,15.6521918947039520020325653604231774806976,1.9493038793557235788256321029621176421642
14.80000,14.6363664835972731026458859560079872608185,18.6653334515298858775622647954151034355164,15.6403459071094648180633157608099281787872,15.6403459071094648180633157608099281787872,2.0210081209082324527059881802415475249290
14.90000,14.7231898731105808053598593687638640403748,18.6371277522182268171491159591823816299438,15.6283376562131959275347981019876897335052,15.6283376562131959275347981019876897335052,2.1036423129024135469933298736577853560448
15.00000,14.8101423835992758171187233529053628444672,18.6164632964201253173541772412136197090149,15.6169324533469904281446360982954502105713,15.6169324533469904281446360982954502105713,2.1927407733254207222728382475906983017921
15.10000,14.8971050254008119395621179137378931045532,18.5993748196698653885050589451566338539124,15.6068612603247824921481878845952451229095,15.6068612603247824921481878845952451229095,2.2827573244211123437708010897040367126465
15.20000,14.9839315304197331357727307477034628391266,18.5813905903486080717357253888621926307678,15.5986417176585678845412985538132488727570,15.5986417176585678845412985538132488727570,2.3680386854512032179798097786260768771172
15.30000,15.0704875080135138887271750718355178833008,18.5582996208849593244849529583007097244263,15.5924770735299684787378282635472714900970,15.5924770735299684787378282635472714900970,2.4438329818385344793796321027912199497223
15.40000,15.1566861016007532469984653289429843425751,18.5270359780398052862437907606363296508789,15.5883248972521233355337244574911892414093,15.5883248972521233355337244574911892414093,2.5070722851363100858179677743464708328247
15.50000,15.2425115950525622565692174248397350311279,18.4864548296246482550486689433455467224121,15.5860904942903335523851637844927608966827,15.5860904942903335523851637844927608966827,2.5567854360965456272936080495128408074379
15.60000,15.3280254877021846482421096879988908767700,18.4376737043417051609139889478683471679688,15.5857958345846885350738375564105808734894,15.5857958345846885350738375564105808734894,2.5941075228745131830976333731086924672127
15.70000,15.4133538653489807757068774662911891937256,18.3837355300588285444973735138773918151855,15.5875894974150241978350095450878143310547,15.5875894974150241978350095450878143310547,2.6219104005777587040881826396798714995384
15.80000,15.4986594123899852348813510616309940814972,18.3286389191976688550766994012519717216492,15.5915781408496556537102151196449995040894,15.5915781408496556537102151196449995040894,2.6441420498883410061807808233425021171570
15.90000,15.5841050664812748038912104675546288490295,18.2761246142165170169846533099189400672913,15.5975819287347157171552680665627121925354,15.5975819287347157171552680665627121925354,2.6650658232283612747437473444733768701553
16.00000,15.6698182373344589990438180393539369106293,18.2287442036946387702300853561609983444214,15.6049631846271772417367174057289958000183,15.6049631846271772417367174057289958000183,2.6886360717747437298896784341195598244667
16.10000,15.7558642328642903862601087894290685653687,18.1875271323371414666780765401199460029602,15.6126275406533103762285463744774460792542,15.6126275406533103762285463744774460792542,2.7181362838948102123026728804688900709152
16.20000,15.8422351424369729500085668405517935752869,18.1521682279162348550016758963465690612793,15.6191839144059780863926789606921374797821,15.6191839144059780863926789606921374797821,2.7560355415412525204033045156393200159073
16.30000,15.9288565409327897981484056799672544002533,18.1214086909047651374748966190963983535767,15.6231512796321645453190285479649901390076,15.6231512796321645453190285479649901390076,2.8039626725732240686284058028832077980042
16.40000,16.0156099952865531577117508277297019958496,18.0933380842465929561058146646246314048767,15.6230975520743111673027669894509017467499,15.6230975520743111673027669894509017467499,2.8627529753845242233012413635151460766792
16.50000,16.1023655725907097746585350250825285911560,18.0655770492062330845328688155859708786011,15.6176916490375088386599600198678672313690,15.6176916490375088386599600198678672313690,2.9325593237219238496038542507449164986610
16.60000,16.1890162689155197028867405606433749198914,18.0354779896672141603630734607577323913574,15.6057486834021652555293258046731352806091,15.6057486834021652555293258046731352806091,3.0129968917784024640127427119296044111252
16.70000,16.2755059972247870803130354033783078193665,18.0004763311773103851010091602802276611328,15.5863549974683390786367453983984887599945,15.5863549974683390786367453983984887599945,3.1032723334654184199621340667363256216049
16.80000,16.3618444930237814105566940270364284515381,17.9585810115371131701067497488111257553101,15.5590733303733426140524898073635995388031,15.5590733303733426140524898073635995388031,3.2022788438142111289153035613708198070526
16.90000,16.4481057597379844992246944457292556762695,17.9088486532633766046274104155600070953369,15.5241312553132750906570436200127005577087,15.5241312553132750906570436200127005577087,3.3086919023748113666272274713264778256416
17.00000,16.5344106879659271669424924766644835472107,17.8516455178327113628711231285706162452698,15.4824720475751753667736920760944485664368,15.4824720475751753667736920760944485664368,3.4211121106482900167122807033592835068703
17.10000,16.6208982901695492273574927821755409240723,17.7885679275827577328072948148474097251892,15.4356130734505079260543425334617495536804,15.4356130734505079260543425334617495536804,3.5382400708512911080561025300994515419006
17.20000,16.7076926888836609919053444173187017440796,17.7220177042650277599022956565022468566895,15.3853596449334357743055079481564462184906,15.3853596449334357743055079481564462184906,3.6589911032818198677318832778837531805038
17.30000,16.7948739328571434725745348259806632995605,17.6545788704651620548702339874580502510071,15.3334917760417681620310759171843528747559,15.3334917760417681620310759171843528747559,3.7824692512387692033826169790700078010559
17.40000,16.8824596682308794015625608153641223907471,17.5884541131526361823489423841238021850586,15.2815383664605697333627176703885197639465,15.2815383664605697333627176703885197639465,3.9078370484623783376321171090239658951759
17.50000,16.9704019354625117443902126979082822799683,17.5251730677173966910231683868914842605591,15.2306837315669678645235762814991176128387,15.2306837315669678645235762814991176128387,4.0342075400459735945446482219267636537552
17.60000,17.0585996057585020935221109539270401000977,17.4655603160725085842841508565470576286316,15.1817620333647997910020421841181814670563,15.1817620333647997910020421841181814670563,4.1606358551014119839805971423629671335220
17.70000,17.1469231641675072808084223652258515357971,17.4097821725121164604388468433171510696411,15.1352542295554215456832025665789842605591,15.1352542295554215456832025665789842605591,4.2861968775687833144161231757607311010361
17.80000,17.2352456256830741665453388122841715812683,17.3573741136965331577357574133202433586121,15.0912450208170554333264590241014957427979,15.0912450208170554333264590241014957427979,4.4101296977454964576281781774014234542847
17.90000,17.3234720173747689386800630018115043640137,17.3073319031249894806023803539574146270752,15.0493810366378113485552603378891944885254,15.0493810366378113485552603378891944885254,4.5320418472241357221719226799905300140381
18.00000,17.4115603509208192178903118474408984184265,17.2583710544753614613000536337494850158691,15.0089106211458442885486874729394912719727,15.0089106211458442885486874729394912719727,4.6521101631044912139145708351861685514450
18.10000,17.4995291809101800595271924976259469985962,17.2093027849647057792026316747069358825684,14.9688399743292652743775761337019503116608,14.9688399743292652743775761337019503116608,4.7711520172163579545099310053046792745590
18.20000,17.5874501492165329352701519383117556571960,17.1593269374808947702604200458154082298279,14.9281527890238461253602508804760873317719,14.9281527890238461253602508804760873317719,4.8904715086497372311669096234254539012909
18.30000,17.6754275598009904513219225918874144554138,17.1080622904949137819130555726587772369385,14.8859895589277098082447992055676877498627,14.8859895589277098082447992055676877498627,5.0115107324404846167453797534108161926270
18.40000,17.7635701425013152743304090108722448348999,17.0553064025795251268391439225524663925171,14.8417094663018289679712324868887662887573,14.8417094663018289679712324868887662887573,5.1354576124771851297623470600228756666183
18.50000,17.8519620004781245370395481586456298828125,17.0006950126480163021369662601500749588013,14.7948368798724683159662163234315812587738,14.7948368798724683159662163234315812587738,5.2629832533812050954225014720577746629715
18.60000,17.9406398485891820371307403547689318656921,16.9434897319639574675420590210705995559692,14.7449662437074771048628463177010416984558,14.7449662437074771048628463177010416984558,5.3941970931381870713039461406879127025604
18.70000,18.0295820186401698492772993631660938262939,16.8826372039062171381829102756455540657043,14.6917157136823224305999247008003294467926,14.6917157136823224305999247008003294467926,5.5287877951817447907956193375866860151291
18.80000,18.1187117527682772788466536439955234527588,16.8170760774680694282778858905658125877380,14.6347707015250811934947705594822764396667,14.6347707015250811934947705594822764396667,5.6662464271861843201349984155967831611633
18.90000,18.2079137814725946498128905659541487693787,16.7461173261981102200479654129594564437866,14.5739786619047748672528541646897792816162,14.5739786619047748672528541646897792816162,5.8060737838611542471767279494088143110275
19.00000,18.2970599702868170766123512294143438339233,16.6696636224653929048145073466002941131592,14.5094106023715578857036234694533050060272,14.5094106023715578857036234694533050060272,5.9479023880090924336627722368575632572174
19.10000,18.3860376968505292438749165739864110946655,16.5881211551916116775373666314408183097839,14.4413344527406799500113265821710228919983,14.4413344527406799500113265821710228919983,6.0914899465607801332112103409599512815475
19.20000,18.4747740721719040379866783041507005691528,16.5020835881284924084866361226886510848999,14.3701237274424702405895004631020128726959,14.3701237274424702405895004631020128726959,6.2366102054154586298295726010110229253769
19.30000,18.5632502368928768987643707077950239181519,16.4120604636002980214470881037414073944092,14.2961790714066285801209232886321842670441,14.2961790714066285801209232886321842670441,6.3829525576799142072559334337711334228516
19.40000,18.6515024438723280297836026875302195549011,16.3184811830830795997826498933136463165283,14.2199228361959502109357345034368336200714,14.2199228361959502109357345034368336200714,6.5301379545635072076947835739701986312866
19.50000,18.7396098726711670678923837840557098388672,16.2219562111773534240910521475598216056824,14.1418570192965500353921015630476176738739,14.1418570192965500353921015630476176738739,6.6778520452554195330208131053950637578964
19.60000,18.8276723325968973199451284017413854598999,16.1235500159092097760549222584813833236694,14.0626153024292150917062826920300722122192,14.0626153024292150917062826920300722122192,6.8259917436476760244090655760373920202255
19.70000,18.9157834282785941582005762029439210891724,16.0248040569426706269950955174863338470459,13.9829394289477200175042526097968220710754,13.9829394289477200175042526097968220710754,6.9747086273258274147224256012123078107834
19.80000,19.0040058005524983286704809870570898056030,15.9274316819375290066318484605289995670319,13.9035655927577028734276609611697494983673,13.9035655927577028734276609611697494983673,7.1243062969746215884470075252465903759003
19.90000,19.0923544650241474585072865011170506477356,15.8328341161356398458792682504281401634216,13.8250726771635417122752187424339354038239,13.8250726771635417122752187424339354038239,7.2750432268327047680145369668025523424149
20.00000,19.1807922073508017035692319041118025779724,15.7417068086080167432783127878792583942413,13.7477737200086895796857788809575140476227,13.7477737200086895796857788809575140476227,7.4269515759414401756544066302012652158737
20.10000,19.2692379870266208286011533346027135848999,15.6539491366819429885026693227700889110565,13.6717059331878036942953258403576910495758,13.6717059331878036942953258403576910495758,7.5797752573329582048700103769078850746155
20.20000,19.3575861116437408782076090574264526367188,15.5689022170884605600349459564313292503357,13.5967120619450021479224233189597725868225,13.5967120619450021479224233189597725868225,7.7330642048421962542192886758130043745041
20.30000,19.4457313608280664141148008638992905616760,15.4857542872745117534805103787221014499664,13.5225535761002557677556978887878358364105,13.5225535761002557677556978887878358364105,7.8863784959020675202623351651709526777267
20.40000,19.5335938780819766691365657607093453407288,15.4038860062599773925740009872242808341980,13.4489940681606974237638496560975909233093,13.4489940681606974237638496560975909233093,8.0394917480205592141828674357384443283081
20.50000,19.6211378066940760334091464756056666374207,15.3230080299476529859248330467380583286285,13.3758359227992063011924983584322035312653,13.3758359227992063011924983584322035312653,8.1924739910433128642353040049783885478973
20.60000,19.7083792492210356783743918640539050102234,15.2431119152533067762078644591383635997772,13.3029401136133138550121657317504286766052,13.3029401136133138550121657317504286766052,8.3456109372477147445579248596914112567902
20.70000,19.7953817698657346113577659707516431808472,15.1643818225155015966265636961907148361206,13.2302660107394682853509948472492396831512,13.2302660107394682853509948472492396831512,8.4992315709022978609255005721934139728546
20.80000,19.8822406934870024031170032685622572898865,15.0871823711116608279780848533846437931061,13.1579361625598956209159950958564877510071,13.1579361625598956209159950958564877510071,8.6535507394788719892630979302339255809784
20.90000,19.9690601550099486871658882591873407363892,15.0121157554532000943936509429477155208588,13.0862970891089087643877064692787826061249,13.0862970891089087643877064692787826061249,8.8085817322453294764272868633270263671875
21.00000,20.0559285682669603545491554541513323783875,14.9400974665933965468411770416423678398132,13.0159427293621590138172905426472425460815,13.0159427293621590138172905426472425460815,8.9641405761360388737557514104992151260376
21.10000,20.1428984985090409054464544169604778289795,14.8724302635235261504931258969008922576904,12.9476893232517120679858635412529110908508,12.9476893232517120679858635412529110908508,9.1199501155291429199678532313555479049683
21.20000,20.2299757673298579163656540913507342338562,14.8108444354791863872833346249535679817200,12.8825109320614075159028288908302783966064,12.8825109320614075159028288908302783966064,9.2757983386862292718433309346437454223633
21.30000,20.3171202917021958000987069681286811828613,14.7573951225891057958961027907207608222961,12.8214408391212444371376477647572755813599,12.8214408391212444371376477647572755813599,9.4316337360488109453626748290844261646271
21.40000,20.4042582532558398611399752553552389144897,14.7140890803932986585778053267858922481537,12.7654248532298861817935176077298820018768,12.7654248532298861817935176077298820018768,9.5874976271893679324875847669318318367004
21.50000,20.4913024379990353907032840652391314506531,14.6823134302510798221419463516212999820709,12.7151158851383954129232733976095914840698,12.7151158851383954129232733976095914840698,9.7433840979733243869986836216412484645844
21.60000,20.5781756519622831547167152166366577148438,14.6623637015782346537662306218408048152924,12.6706445770271596273914838093332946300507,12.6706445770271596273914838093332946300507,9.8992501994861967773431388195604085922241
21.70000,20.6648314537754984598905139137059450149536,14.6532139875530607042719566379673779010773,12.6314542624144383609063879703171551227570,12.6314542624144383609063879703171551227570,10.0551369164996824423496946110390126705170
21.80000,20.7512671803589228147757239639759063720703,14.6525400179409608369951456552371382713318,12.5963053073414048554923283518292009830475,12.5963053073414048554923283518292009830475,10.2111965836170757171430523158051073551178
21.90000,20.8375261723345310826971399364992976188660,14.6571468002495013394081979640759527683258,12.5635205341620430630200644372962415218353,12.5635205341620430630200644372962415218353,10.3676319042599462960652090259827673435211
22.00000,20.9236887529512216588045703247189521789551,14.6638821475176133191098415409214794635773,12.5314589093953525633651224779896438121796,12.5314589093953525633651224779896438121796,10.5246530816781334038978457101620733737946
22.10000,21.0098542390429052773015428101643919944763,14.6707881264072828031430617556907236576080,12.4990901981834277023608592571690678596497,12.4990901981834277023608592571690678596497,10.6824619690833326757228860515169799327850
22.20000,21.0961184100867136237411614274606108665466,14.6779954095438487371438895934261381626129,12.4664610945164504585136455716565251350403,12.4664610945164504585136455716565251350403,10.8411916305976614438577598775736987590790
22.30000,21.1825519141378002530018420657142996788025,14.6879320524202441333727620076388120651245,12.4348502862662861900844291085377335548401,12.4348502862662861900844291085377335548401,11.0007833940254702298489064560271799564362
22.40000,21.2691847952486767781010712496936321258545,14.7047359004039854823986388510093092918396,12.4065121483139702007747473544441163539886,12.4065121483139702007747473544441163539886,11.1608963990247218589502153918147087097168
22.50000,21.3560007685343187233684147940948605537415,14.7331086980993593016364684444852173328400,12.3840684606928181921148279798217117786407,12.3840684606928181921148279798217117786407,11.3209725452480380880615484784357249736786
22.60000,21.4429424463532356526229705195873975753784,14.7770459527561044410504109691828489303589,12.3697590401373940238727300311438739299774,12.3697590401373940238727300311438739299774,11.4804703188345520459279214264824986457825
22.70000,21.5299260447431244358540425309911370277405,14.8388504266410539145226721302606165409088,12.3648248021656108619481528876349329948425,12.3648248021656108619481528876349329948425,11.6391268670529548501235694857314229011536
22.80000,21.6168618357464943358081654878333210945129,14.9186578220568577535232179798185825347900,12.3692251076609860405142171657644212245941,12.3692251076609860405142171657644212245941,11.7970694424813817846597885363735258579254
22.90000,21.7036753007179079588695458369329571723938,15.0145045093854996309801208553835749626160,12.3817321008165404094825134961865842342377,12.3817321008165404094825134961865842342377,11.9547156084703285472414791001938283443451
23.00000,21.7903238753638675007096026092767715454102,15.1228343935362854466575299738906323909760,12.4003042477455291958676752983592450618744,12.4003042477455291958676752983592450618744,12.1125497734090963319886213866993784904480
23.10000,21.8768053458188376225734828040003776550293,15.2392851448108377354628828470595180988312,12.4225853298706461202982609393075108528137,12.4225853298706461202982609393075108528137,12.2709198308883831174398437724448740482330
23.20000,21.9631560537896426410497952019795775413513,15.3595786448548405900282887159846723079681,12.4463913427986305748618178768083453178406,12.4463913427986305748618178768083453178406,12.4299520130472238577112875645980238914490
23.30000,22.0494395838576409119013987947255373001099,15.4803398473262667778271861607208847999573,12.4700907482170979534430443891324102878571,12.4700907482170979534430443891324102878571,12.5895979347497153355561749776825308799744
23.40000,22.1357289315770735527166834799572825431824,15.5996711407197938825675009866245090961456,12.4928227360485184505023426027037203311920,12.4928227360485184505023426027037203311920,12.7497546001998287579226598609238862991333
23.50000,22.2220867275347266911467158934101462364197,15.7173275025868885990121270879171788692474,12.5145276991130653954087392776273190975189,12.5145276991130653954087392776273190975189,12.9103588318954844993413644260726869106293
23.60000,22.3085485391906672703044023364782333374023,15.8344282804200471304056918597780168056488,12.5357935696325473173828868311829864978790,12.5357935696325473173828868311829864978790,13.0713896803456197659443205338902771472931
23.70000,22.3951134830636497952127683674916625022888,15.9528188682221294669716371572576463222504,12.5575617015723004499250237131491303443909,12.5575617015723004499250237131491303443909,13.2328089481411801386911974987015128135681
23.80000,22.4817445542093210519851709250360727310181,16.0743485772202383543572068447247147560120,12.5807792203183392842902321717701852321625,12.5807792203183392842902321717701852321625,13.3945346907928843904755922267213463783264
23.90000,22.5683786737503844221919280244037508964539,16.2003324475356329514852404827252030372620,12.6061034643170248870092109427787363529205,12.6061034643170248870092109427787363529205,13.5565041926519675996587466215714812278748
24.00000,22.6549440618454696050321217626333236694336,16.3313214434637004046635411214083433151245,12.6337391424782996551812175312079489231110,12.6337391424782996551812175312079489231110,13.7187872203525706993332278216257691383362
24.10000,22.7413807413166324522535433061420917510986,16.4671387253438759046275663422420620918274,12.6634336024086344707484386162832379341125,12.6634336024086344707484386162832379341125,13.8816522618432394153842324158176779747009
24.20000,22.8276591882459278792794066248461604118347,16.6070537658458761143265292048454284667969,12.6946024231797700565493869362398982048035,12.6946024231797700565493869362398982048035,14.0455081077322638805071619572117924690247
24.30000,22.9137925422423514021375012816861271858215,16.7499818157952518049569334834814071655273,12.7265271750883819379396300064399838447571,12.7265271750883819379396300064399838447571,14.2107200078608375548583353520371019840240
24.40000,22.9998392631625527826599864056333899497986,16.8946765912150347332953970180824398994446,12.7585599639796569704230932984501123428345,12.7585599639796569704230932984501123428345,14.3773959264182735751091968268156051635742
24.50000,23.0858953176620076419567340053617954254150,17.0399545058418411258571723010390996932983,12.7902785783337620273414358962327241897583,12.7902785783337620273414358962327241897583,14.5452926668363229367741951136849820613861
24.60000,23.1720773769738528358175244648009538650513,17.1849620565305407637879397952929139137268,12.8215571787434310380149327102117240428925,12.8215571787434310380149327102117240428925,14.7139250760175279708619200391694903373718
24.70000,23.2585005360812715480278711766004562377930,17.3293876111733062828079710016027092933655,12.8525453554943691614198542083613574504852,12.8525453554943691614198542083613574504852,14.8827974362658359552824549609795212745667
24.80000,23.3452552363720720052242540987208485603333,17.4734879436022829679586720885708928108215,12.8835778799888398538087130873464047908783,12.8835778799888398538087130873464047908783,15.0515874199966734892086606123484671115875
24.90000,23.4323881075131730256089213071390986442566,17.6179318888432412393285630969330668449402,12.9150653493908791347166697960346937179565,12.9150653493908791347166697960346937179565,15.2201892975746542191473054117523133754730
25.00000,23.5198903445927349764588143443688750267029,17.7636118770979933856324350927025079727173,12.9474271963392943973758519859984517097473,12.9474271963392943973758519859984517097473,15.3886478290121431200532242655754089355469
25.10000,23.6076953020471940192237525479868054389954,17.9115587067746631078080099541693925857544,12.9810975423010805940293721505440771579742,12.9810975423010805940293721505440771579742,15.5570589242196941626161788008175790309906
25.20000,23.6956847320345289631404739338904619216919,18.0629285628604563385124492924660444259644,13.0165676630982964923077815910801291465759,13.0165676630982964923077815910801291465759,15.7254779686983923170373600441962480545044
25.30000,23.7837011128067210563585831550881266593933,18.2189153939260677361744455993175506591797,13.0543812303835498056514552445150911808014,13.0543812303835498056514552445150911808014,15.8938540459656891812301182653754949569702
25.40000,23.8715623062740789350755221676081418991089,18.3804899775668744155154854524880647659302,13.0950152781132818091691660811193287372589,13.0950152781132818091691660811193287372589,16.0620217276143897322526754578575491905212
25.50000,23.9590746371945400028380390722304582595825,18.5479847458500763934807764599099755287170,13.1386523621059918554010437219403684139252,13.1386523621059918554010437219403684139252,16.2297546588326326855167280882596969604492
25.60000,24.0460413968998913958330376772210001945496,18.7206835267535751654577325098216533660889,13.1849398262283763472169084707275032997131,13.1849398262283763472169084707275032997131,16.3968452711967138668569532455876469612122
25.70000,24.1322654674231138471895974362269043922424,18.8966868881990741613208228955045342445374,13.2328882431808398933981152367778122425079,13.2328882431808398933981152367778122425079,16.5631758692605082217141898581758141517639
25.80000,24.2175467727769486714350932743400335311890,19.0732536957944844857593125198036432266235,13.2810240203578882045576392556540668010712,13.2810240203578882045576392556540668010712,16.7287524278556567480791272828355431556702
25.90000,24.3016770631492349252766871359199285507202,19.2475662181387967564205609960481524467468,13.3277779275744681086734999553300440311432,13.3277779275744681086734999553300440311432,16.8936874261390919116365694208070635795593
26.00000,24.3844356626131393284140358446165919303894,19.4176011144775593209033104358240962028503,13.3719444309250086178053607000038027763367,13.3719444309250086178053607000038027763367,17.0581479152406778609929460799321532249451
26.10000,24.4655899750412686444178689271211624145508,19.5826822810376910410923301242291927337646,13.4129877890221020919625516398809850215912,13.4129877890221020919625516398809850215912,17.2222966780347590542987745720893144607544
26.20000,24.5449036943864591364672378404065966606140,19.7434292722109105966410425025969743728638,13.4510433106330680175233283080160617828369,13.4510433106330680175233283080160617828369,17.3862463453312336980616237269714474678040
26.30000,24.6221539861478646571413264609873294830322,19.9011452393474463917755201691761612892151,13.4866282260323639974330944824032485485077,13.4866282260323639974330944824032485485077,17.5500427734305830540506576653569936752319
26.40000,24.6971567580386164308947627432644367218018,20.0570074257821744367902283556759357452393,13.5202380031227242795921483775600790977478,13.5202380031227242795921483775600790977478,17.7136881775753423085006943438202142715454
26.50000,24.7697969744197727948176179779693484306335,20.2115092764239960843042354099452495574951,13.5520584221107665001682107686065137386322,13.5520584221107665001682107686065137386322,17.8771894066222358787854318507015705108643
26.60000,24.8400592470875203332525416044518351554871,20.3644122587760811882162670372053980827332,13.5819383530174597751738474471494555473328,13.5819383530174597751738474471494555473328,18.0405947998286819711211137473583221435547
26.70000,24.9080530335191951962769962847232818603516,20.5151503056750961206944339210167527198792,13.6096053025117225132589737768284976482391,13.6096053025117225132589737768284976482391,18.2039927341708498431671614525839686393738
26.80000,24.9740269365989036032260628417134284973145,20.6633877815974109637409128481522202491760,13.6349710365882970108941663056612014770508,13.6349710365882970108941663056612014770508,18.3674726450197205451786430785432457923889
26.90000,25.0383678933715323466913105221465229988098,20.8093810393024334359779459191486239433289,13.6583405189854278916072871652431786060333,13.6583405189854278916072871652431786060333,18.5310678947031135521683609113097190856934
27.00000,25.1015833191936224011442391201853752136230,20.9539443000793959015481959795579314231873,13.6804093441162688549184167641215026378632,13.6804093441162688549184167641215026378632,18.6947089310404841455692803720012307167053
27.10000,25.1642671606436856279742642072960734367371,21.0980846078961263856399455107748508453369,13.7020640458049953736008319538086652755737,13.7020640458049953736008319538086652755737,18.8582236769298212664125458104535937309265
27.20000,25.2270537148003555216746462974697351455688,21.2425835557954414412051846738904714584351,13.7241120474404230122900116839446127414703,13.7241120474404230122900116839446127414703,19.0214131757149473855861288029700517654419
27.30000,25.2905652816807453575620456831529736518860,21.3878115675847908505602390505373477935791,13.7470972669236815022486553061753511428833,13.7470972669236815022486553061753511428833,19.1841823154181732036249741213396191596985
27.40000,25.3553605828472896632774791214615106582642,21.5338590699446257303861784748733043670654,13.7712873910295687807092690491117537021637,13.7712873910295687807092690491117537021637,19.3466448707327778322451194981113076210022
27.50000,25.4218900641951712771060556406155228614807,21.6808294270576240592163230758160352706909,13.7968041345472354208823162480257451534271,13.7968041345472354208823162480257451534271,19.5091112221583244945577462203800678253174
27.60000,25.4904618821823021335148951038718223571777,21.8290572388424521932392963208258152008057,13.8237893987372544302161259111016988754272,13.8237893987372544302161259111016988754272,19.6719403235502454663219396024942398071289
27.70000,25.5612192845669632390581682557240128517151,21.9790933462155244626501371385529637336731,13.8524972159874586452588118845596909523010,13.8524972159874586452588118845596909523010,19.8353181988075704111906816251575946807861
27.80000,25.6341273312027873032548086484894156455994,22.1314256523683461352902668295428156852722,13.8832572347991103356434905435889959335327,13.8832572347991103356434905435889959335327,19.9990385139729092145444155903533101081848
27.90000,25.7089655101138312431885424302890896797180,22.2860669813813956352532841265201568603516,13.9163306308148069234675858751870691776276,13.9163306308148069234675858751870691776276,20.1623712298656130315066548064351081848145
28.00000,25.7853233659368932251254591392353177070618,22.4422413203089092803566018119454383850098,13.9517354977235150670367147540673613548279,13.9517354977235150670367147540673613548279,20.3240936907987759241223102435469627380371
28.10000,25.8625986012114665868466545362025499343872,22.5983740693150352285556436982005834579468,13.9891306499344416636176902102306485176086,13.9891306499344416636176902102306485176086,20.4827113706576220408805966144427657127380
28.20000,25.9400003446692402064854832133278250694275,22.7524533905034829217584047000855207443237,14.0278130259031001969560747966170310974121,14.0278130259031001969560747966170310974121,20.6368276833665227343317383201792836189270
28.30000,26.0165631142042670376213209237903356552124,22.9026422983073061345749010797590017318726,14.0668266894931139887603421811945736408234,14.0668266894931139887603421811945736408234,20.7855520335253416419618588406592607498169
28.40000,26.0911782207511677711408992763608694076538,23.0478760889327425331885024206712841987610,14.1051301306084813091956675634719431400299,14.1051301306084813091956675634719431400299,20.9287940484669476859380665700882673263550
28.50000,26.1626482490862422025656996993348002433777,23.1881496820667969416263076709583401679993,14.1417454478705657550108298892155289649963,14.1417454478705657550108298892155289649963,21.0673070354119076341703475918620824813843
28.60000,26.2297668116213031908046104945242404937744,23.3243142257749909163067059125751256942749,14.1758289085887536629115857067517936229706,14.1758289085887536629115857067517936229706,21.2024232202187867812881449935957789421082
28.70000,26.2914206583883576229254686040803790092468,23.4574336403273022710891382303088903427124,14.2066523585083981373600181541405618190765,14.2066523585083981373600181541405618190765,21.3355495816988636192945705261081457138062
28.80000,26.3467055039909219260607642354443669319153,23.5879915366678432064873049966990947723389,14.2335430737366923636955107212997972965240,14.2335430737366923636955107212997972965240,21.4676108931853839578707265900447964668274
28.90000,26.3950417653925946126491908216848969459534,23.7153300174916097375898971222341060638428,14.2558587871060673535339446971192955970764,14.2558587871060673535339446971192955970764,21.5986542086720696431711985496804118156433
29.00000,26.4362728335465426710015890421345829963684,23.8375744280747774439532804535701870918274,14.2730546491488574645245535066351294517517,14.2730546491488574645245535066351294517517,21.7277379633236087386194412829354405403137
29.10000,26.4707273527939541679643298266455531120300,23.9520530853912632096580637153238058090210,14.2848444047445681803765182849019765853882,14.2848444047445681803765182849019765853882,21.8530916286960810168693569721654057502747
29.20000,26.4992288761260468277214386034756898880005,24.0560171863760423605071991914883255958557,14.2914017605873002736416310654021799564362,14.2914017605873002736416310654021799564362,21.9724425413274886409453756641596555709839
29.30000,26.5230416280425878028381703188642859458923,24.1473840790733724759320466546341776847839,14.2935129805885470233306477894075214862823,14.2935129805885470233306477894075214862823,22.0833997459388662321089213946834206581116
29.40000,26.5437500583159717848502623382955789566040,24.2252639293748686100116174202412366867065,14.2925875393205270569296772009693086147308,14.2925875393205270569296772009693086147308,22.1838389090497898337162041570991277694702
29.50000,26.5630819070400541193066601408645510673523,24.2901463674050788199565431568771600723267,14.2904678338292150385768763953819870948792,14.2904678338292150385768763953819870948792,22.2722926067867064148231293074786663055420
29.60000,26.5826980271281456680299015715718269348145,24.3437552662234786282624554587528109550476,14.2890562042877942161567261791788041591644,14.2890562042877942161567261791788041591644,22.3483408847760394166925834724679589271545
29.70000,26.6039841538126395903418597299605607986450,24.3886573550800029863694362575188279151917,14.2898754564233314567900379188358783721924,14.2898754564233314567900379188358783721924,22.4128905960459796631312201498076319694519
29.80000,26.6278858361348831351733679184690117835999,24.4277301522383822884876281023025512695312,14.2937346318081335283523003454320132732391,14.2937346318081335283523003454320132732391,22.4681467247569983669563953299075365066528
29.90000,26.6548235714051777733857306884601712226868,24.4636045990221902002303977496922016143799,14.3006285914300121930864406749606132507324,14.3006285914300121930864406749606132507324,22.5171709875673435874432470882311463356018
30.00000,26.6847089688707441723636293318122625350952,24.4981955684519761007322813384234905242920,14.3098825344349585009240399813279509544373,14.3098825344349585009240399813279509544373,22.5631394684528032712478307075798511505127
30.10000,26.7170573902220169770771462935954332351685,24.5323805519836355415463913232088088989258,14.3204482939403963115410078899003565311432,14.3204482939403963115410078899003565311432,22.6085413543248598955415218370035290718079
30.20000,26.7511657761293655255485646193847060203552,24.5658180416302016624285897705703973770142,14.3312235166698105359728288021869957447052,14.3312235166698105359728288021869957447052,22.6545367844199461160314967855811119079590
30.30000,26.7863060749105130753378034569323062896729,24.5968985839876594923225638922303915023804,14.3412908995301098258323690970428287982941,14.3412908995301098258323690970428287982941,22.7006228598379493632819503545761108398438
30.40000,26.8218819726869277531022817129269242286682,24.6228629511012258035407285206019878387451,14.3500326375397104783360191504471004009247,14.3500326375397104783360191504471004009247,22.7446796487087325999709719326347112655640
30.50000,26.8575105747107159004372078925371170043945,24.6401130295638424172466329764574766159058,14.3571367852255402652872362523339688777924,14.3571367852255402652872362523339688777924,22.7833500338234813398230471648275852203369
30.60000,26.8930162607676379593613091856241226196289,24.6447456015423966846356051973998546600342,14.3625548894086030315975222038105130195618,14.3625548894086030315975222038105130195618,22.8126520834928321335155487759038805961609
30.70000,26.9283524476820410598065791418775916099548,24.6333644655695174208176467800512909889221,14.3664778537798412116899271495640277862549,14.3664778537798412116899271495640277862549,22.8287612056918725045306928222998976707458
30.80000,26.9634892359125721839063771767541766166687,24.6041203086202955319095053710043430328369,14.3693599097350439564024782157503068447113,14.3693599097350439564024782157503068447113,22.8288897250627833557246049167588353157043
30.90000,26.9983138232075958740097121335566043853760,24.5576843385408274400560912908986210823059,14.3719500812923168808765694848261773586273,14.3719500812923168808765694848261773586273,22.8120979991637895523126644548028707504272
31.00000,27.0325832998946111729310359805822372436523,24.4976638880870112302545749116688966751099,14.3752352029227719043547040200792253017426,14.3752352029227719043547040200792253017426,22.7797767821360785944762028520926833152771
31.10000,27.0659486319918052288358012447133660316467,24.4300060732770099036770261591300368309021,14.3802210677309272313095789286307990550995,14.3802210677309272313095789286307990550995,22.7355125698069606698936695465818047523499
31.20000,27.0980417731643434819943649927154183387756,24.3613210925230987413669936358928680419922,14.3875906492627709809539737761951982975006,14.3875906492627709809539737761951982975006,22.6841815671619002614534110762178897857666
31.30000,27.1285943933762716540059045655652880668640,24.2967192648972236668214463861659169197083,14.3974038025743400481815115199424326419830,14.3974038025743400481815115199424326419830,22.6305060531248187771780067123472690582275
31.40000,27.1575443297957690447219647467136383056641,24.2382268259344542116195952985435724258423,14.4090313509251917167830470134504139423370,14.4090313509251917167830470134504139423370,22.5777084538798433754891448188573122024536
31.50000,27.1850878232422559221959090791642665863037,24.1845889143342667182423610938712954521179,14.4214060187555297432027145987376570701599,14.4214060187555297432027145987376570701599,22.5268647000654596013191621750593185424805
31.60000,27.2116505129171990517988888313993811607361,24.1324696798343261150421312777325510978699,14.4334859993735609151599419419653713703156,14.4334859993735609151599419419653713703156,22.4771481940043997838074574247002601623535
31.70000,27.2377733715069290099108911817893385887146,24.0783479541659310996237763902172446250916,14.4446824013339831793700795969925820827484,14.4446824013339831793700795969925820827484,22.4267565230048901980808295775204896926880
31.80000,27.2639350440936674146996665513142943382263,24.0201331376384175086968753021210432052612,14.4549957386270602199829227174632251262665,14.4549957386270602199829227174632251262665,22.3740767044779680361443752190098166465759
31.90000,27.2903528407065074645743152359500527381897,23.9577429626492133252213534433394670486450,14.4647581824347373213868195307441055774689,14.4647581824347373213868195307441055774689,22.3185794384862461470220296178013086318970
32.00000,27.3168150426204938696628232719376683235168,23.8924549046944427743710548384115099906921,14.4741140751796280028429464437067508697510,14.4741140751796280028429464437067508697510,22.2610417969556841910616640234366059303284
32.10000,27.3425933825648961317256180336698889732361,23.8255025044731212346960091963410377502441,14.4825487259186118649267882574349641799927,14.4825487259186118649267882574349641799927,22.2029984352007936365680507151409983634949
32.20000,27.3664663951002076203167234780266880989075,23.7568165475028933997236890718340873718262,14.4887603387094259232981130480766296386719,14.4887603387094259232981130480766296386719,22.1457622651842491734441864537075161933899
32.30000,27.3868562857194639548197301337495446205139,23.6847028334032074781134724617004394531250,14.4909512526289727674111418309621512889862,14.4909512526289727674111418309621512889862,22.0896566138647258981109189335256814956665
32.40000,27.4020523282125232356065680505707859992981,23.6065946362405938430129026528447866439819,14.4873458884276775648913826444186270236969,14.4873458884276775648913826444186270236969,22.0339551875977619488367054145783185958862
32.50000,27.4104719111682868515345035120844841003418,23.5202853689601525388752634171396493911743,14.4766216727951650966588204028084874153137,14.4766216727951650966588204028084874153137,21.9775139345381091970921261236071586608887
32.60000,27.4109029591747663801015733042731881141663,23.4247563772737947829227778129279613494873,14.4580405299603480528958243667148053646088,14.4580405299603480528958243667148053646088,21.9195782765278650572327023837715387344360
32.70000,27.4026798899162216116565105039626359939575,23.3201526882629153192283411044627428054810,14.4312994833507310943332413444295525550842,14.4312994833507310943332413444295525550842,21.8602336114776747422183689195662736892700
32.80000,27.3857650922849913399659271817654371261597,23.2071113274408453719388489844277501106262,14.3963063195766256541219263453967869281769,14.3963063195766256541219263453967869281769,21.8002637805725854036609234753996133804321
32.90000,27.3607313565960268419985368382185697555542,23.0860465824424458958219474880024790763855,14.3531044929265494403125558164902031421661,14.3531044929265494403125558164902031421661,21.7405689531853738571953726932406425476074
33.00000,27.3286604350965554033336957218125462532043,22.9569091052690161802729562623426318168640,14.3020271508139948934967833338305354118347,14.3020271508139948934967833338305354118347,21.6815152387375817966130853164941072463989
33.10000,27.2909847826156877204084594268351793289185,22.8195162133611262333943159319460391998291,14.2439716592537539696650128462351858615875,14.2439716592537539696650128462351858615875,21.6225576774693060144727496663108468055725
33.20000,27.2493029690006167697902128566056489944458,22.6741614519078709122368309181183576583862,14.1805806870228483518303619348444044589996,14.1805806870228483518303619348444044589996,21.5623030468627909783663199050351977348328
33.30000,27.2051962271262475212552089942619204521179,22.5220808607087903396859474014490842819214,14.1141488107688992670318839373067021369934,14.1141488107688992670318839373067021369934,21.4989794662972393268773885210976004600525
33.40000,27.1600670815067672947407118044793605804443,22.3654784323769391107816773001104593276978,14.0472185028510008208968429244123399257660,14.0472185028510008208968429244123399257660,21.4311085081817047637287032557651400566101
33.50000,27.1150137983900414440086024114862084388733,22.2070789674425483894992794375866651535034,13.9820073570156413467202582978643476963043,13.9820073570156413467202582978643476963043,21.3580780518013071400673652533441781997681
33.60000,27.0707483951423881762821110896766185760498,22.0494343523887827984708565054461359977722,13.9199188966223790231424572994001209735870,13.9199188966223790231424572994001209735870,21.2803449542864129284680529963225126266479
33.70000,27.0275617727935966172481130342930555343628,21.8943196405205142696104303468018770217896,13.8613533723225934579659224255010485649109,13.8613533723225934579659224255010485649109,21.1991746686689239709266985300928354263306
33.80000,26.9853366337628841620244202204048633575439,21.7424612187049959288742684293538331985474,13.8058602536179044761865952750667929649353,13.8058602536179044761865952750667929649353,21.1160773452320746912391769001260399818420
33.90000,26.9436059920444073156886588549241423606873,21.5936147193429910373652091948315501213074,13.7524811378334153033620168571360409259796,13.7524811378334153033620168571360409259796,21.0322584357205677463298343354836106300354
34.00000,26.9016512231196749382888810941949486732483,21.4468141312574971379945054650306701660156,13.7000656747435787252697991789318621158600,13.7000656747435787252697991789318621158600,20.9483340048900146257437882013618946075439
34.10000,26.8586286421085844722256297245621681213379,21.3005835645537935363336146110668778419495,13.6474386030894514476585754891857504844666,13.6474386030894514476585754891857504844666,20.8643350004834751132420933572575449943542
34.20000,26.8137086613669062273856980027630925178528,21.1530593788524683418472704943269491195679,13.5934544167417641347128665074706077575684,13.5934544167417641347128665074706077575684,20.7798592067358498525209142826497554779053
34.30000,26.7662084901429366823322197888046503067017,21.0021685317928721303815109422430396080017,13.5370674196457905225088325096294283866882,13.5370674196457905225088325096294283866882,20.6942421826442277676960657117888331413269
34.40000,26.7156996261182726470906345639377832412720,20.8460405159293920007712586084380745887756,13.4775111252212642654058072366751730442047,13.4775111252212642654058072366751730442047,20.6067178916051361170502786990255117416382
34.50000,26.6620754010679483769763464806601405143738,20.6836425611022676207539916504174470901489,13.4145630900131784812856494681909680366516,13.4145630900131784812856494681909680366516,20.5165917821438590351590391946956515312195
34.60000,26.6055705576896137642961548408493399620056,20.5153663775069325936328823445364832878113,13.3487637679167203685892673092894256114960,13.3487637679167203685892673092894256114960,20.4234093993631056207505025668069720268250
34.70000,26.5467324222759373242297442629933357238770,20.3432166082122023453848669305443763732910,13.2814371219085760600364665151573717594147,13.2814371219085760600364665151573717594147,20.3270747866709875495416781632229685783386
34.80000,26.4863499736448382293474423931911587715149,20.1705023259952689329566055675968527793884,13.2144406554568814016192845883779227733612,13.2144406554568814016192845883779227733612,20.2279709887263443590654787840321660041809
34.90000,26.4253520557614827168890769826248288154602,20.0009876444601850664639641763642430305481,13.1497077027787021563653979683294892311096,13.1497077027787021563653979683294892311096,20.1269242946642634706222452223300933837891
35.00000,26.3646890799056556886625912738963961601257,19.8378442657713129904095694655552506446838,13.0887586060885432459599542198702692985535,13.0887586060885432459599542198702692985535,20.0250161334998786344385734992101788520813
35.10000,26.3052141655396027886126830708235502243042,19.6828095090752874796180549310520291328430,13.0323797737245481442869277088902890682220,13.0323797737245481442869277088902890682220,19.9232641271657939796568825840950012207031
35.20000,26.2475799270254768202903505880385637283325,19.5358701273690051891662733396515250205994,12.9805813826502589591882497188635170459747,12.9805813826502589591882497188635170459747,19.8222872890939640910801244899630546569824
35.30000,26.1921656816164833969651226652786135673523,19.3955841312718746394239133223891258239746,12.9328013384870779134416807210072875022888,12.9328013384870779134416807210072875022888,19.7221471359141986567919957451522350311279
35.40000,26.1390461513013114824843796668574213981628,19.2598843877612111441521847154945135116577,12.8882194155400799928656851989217102527618,12.8882194155400799928656851989217102527618,19.6224917079823626409051939845085144042969
35.50000,26.0880065629653294934087170986458659172058,19.1269978043367672171370941214263439178467,12.8460395703993501825834755436517298221588,12.8460395703993501825834755436517298221588,19.5229252265033927926651813322678208351135
35.60000,26.0386011569014002020594489295035600662231,18.9960835447358462602096551563590764999390,12.8056732848071490593611088115721940994263,12.8056732848071490593611088115721940994263,19.4233381320229483435468864627182483673096
35.70000,25.9902442140661271707813284592702984809875,18.8673910725316389402905770111829042434692,12.7668448984094347053996898466721177101135,12.7668448984094347053996898466721177101135,19.3239454897788931475588469766080379486084
35.80000,25.9423169526731598466540162917226552963257,18.7420684013743468199209019076079130172729,12.7296756611880841347783643868751823902130,12.7296756611880841347783643868751823902130,19.2250340316713383970181894255802035331726
35.90000,25.8942717134575204340762866195291280746460,18.6218004945303370334386272588744759559631,12.6947649894587115682043076958507299423218,12.6947649894587115682043076958507299423218,19.1265422290704343311062984867021441459656
36.00000,25.8457172313656506901224929606541991233826,18.5084414210269301293010357767343521118164,12.6632105725654735550733676063828170299530,12.6632105725654735550733676063828170299530,19.0277375072616337092767935246229171752930
36.10000,25.7964744515365040911092364694923162460327,18.4037681652454061520529648987576365470886,12.6364648365990781542222975986078381538391,12.6364648365990781542222975986078381538391,18.9273129435837539347176061710342764854431
36.20000,25.7465990770326200731688004452735185623169,18.3093467541977297230459953425452113151550,12.6159755580147088238618380273692309856415,12.6159755580147088238618380273692309856415,18.8239947152009321484911197330802679061890
36.30000,25.6963724154856443249173025833442807197571,18.2263851272141401693716034060344099998474,12.6027008221858061176590126706287264823914,12.6027008221858061176590126706287264823914,18.7173558983281722589708806481212377548218
36.40000,25.6462647242330419317113410215824842453003,18.1554149501170840608210710342973470687866,12.5967222453210290211700339568778872489929,12.5967222453210290211700339568778872489929,18.6082351837080679501923441421240568161011
36.50000,25.5968754605041226568573620170354843139648,18.0958267678604407535658538108691573143005,12.5971735193038050226732593728229403495789,12.5971735193038050226732593728229403495789,18.4983551897569498123630182817578315734863
36.60000,25.5488543220208548234495538054034113883972,18.0455836599484591431519220350310206413269,12.6025435322451606623417319497093558311462,12.6025435322451606623417319497093558311462,18.3893509174789961946316907415166497230530
36.70000,25.5028076374885515065216168295592069625854,18.0015204298103377311690564965829253196716,12.6112295484423668767703929916024208068848,12.6112295484423668767703929916024208068848,18.2818689704141554841498873429372906684875
36.80000,25.4591974784432011347234947606921195983887,17.9603198420319785100218723528087139129639,12.6221138698283752432871551718562841415405,12.6221138698283752432871551718562841415405,18.1752895808184291581710567697882652282715
36.90000,25.4182452172719095528918842319399118423462,17.9197477000700615690220729447901248931885,12.6349343905733579873640337609685957431793,12.6349343905733579873640337609685957431793,18.0681241361952551471858896547928452491760
37.00000,25.3798552718777301606678520329296588897705,17.8794575130251232053524290677160024642944,12.6502936387238129611887416103854775428772,12.6502936387238129611887416103854775428772,17.9587255074552309963564766803756356239319
37.10000,25.3435760719313343258818349568173289299011,17.8409299163727723680494818836450576782227,12.6692854906000693659962053061462938785553,12.6692854906000693659962053061462938785553,17.8459350071039679619389062281697988510132
37.20000,25.3086119962293558671717619290575385093689,17.8066746727406659545067668659612536430359,12.6928900317325865643169890972785651683807,12.6928900317325865643169890972785651683807,17.7295066055048522457582294009625911712646
37.30000,25.2738918312989149228542373748496174812317,17.7791115489477853373045945772901177406311,12.7214214628010644503319781506434082984924,12.7214214628010644503319781506434082984924,17.6101604546445713594948756508529186248779
37.40000,25.2381878554075314013971365056931972503662,17.7595162203590319904833449982106685638428,12.7542954186818189299401637981645762920380,12.7542954186818189299401637981645762920380,17.4891132384029219792864751070737838745117
37.50000,25.2002681625280935406863136449828743934631,17.7474398705636637885163509054109454154968,12.7901825028111417736909061204642057418823,12.7901825028111417736909061204642057418823,17.3673430274694737818208523094654083251953
37.60000,25.1590567648735294881134905153885483741760,17.7409088261582326140342047438025474548340,12.8273898801727099794334208127111196517944,12.8273898801727099794334208127111196517944,17.2451858306863456959945324342697858810425
37.70000,25.1137736841708196777744888095185160636902,17.7372884206947993845915334532037377357483,12.8642437003477798640460605383850634098053,12.8642437003477798640460605383850634098053,17.1225747041700593342739011859521269798279
37.80000,25.0640311488110540949492133222520351409912,17.7342827211953526500565203605219721794128,12.8993385925573580408354246173985302448273,12.8993385925573580408354246173985302448273,16.9996366848916871106212056474760174751282
37.90000,25.0098708909194655802821216639131307601929,17.7305120372691433772160962689667940139771,12.9316546394181077772600474418140947818756,12.9316546394181077772600474418140947818756,16.8770736493523934029781230492517352104187
38.00000,24.9517389105470392962615733267739415168762,17.7254641725259354245736176380887627601624,12.9606145223901698670943005708977580070496,12.9606145223901698670943005708977580070496,16.7559740382926349866465898230671882629395
38.10000,24.8904050085510810674804815789684653282166,17.7190505023636752923721360275521874427795,12.9861381032045475336644813069142401218414,12.9861381032045475336644813069142401218414,16.6371793045056648452373337931931018829346
38.20000,24.8268424382601970989981055026873946189880,17.7111984772778825458772189449518918991089,13.0086856428802395413413250935263931751251,13.0086856428802395413413250935263931751251,16.5206696297776005621926742605865001678467
38.30000,24.7620870815814662080356356455013155937195,17.7017754962326492318425152916461229324341,13.0292259273418462584004373638890683650970,13.0292259273418462584004373638890683650970,16.4054107231304229230772762093693017959595
38.40000,24.6970960208799752422237361315637826919556,17.6908139905778973854921787278726696968079,13.0490662650860880233949501416645944118500,13.0490662650860880233949501416645944118500,16.2897774812856930282123357756063342094421
38.50000,24.6326235342662442917571752332150936126709,17.6787550000578406184104096610099077224731,13.0695421196236694072467798832803964614868,13.0695421196236694072467798832803964614868,16.1722942950767460956740251276642084121704
38.60000,24.5691295806931861989141907542943954467773,17.6664243121594246588301757583394646644592,13.0916511378655204822507585049606859683990,13.0916511378655204822507585049606859683990,16.0522516171215698932428495027124881744385
38.70000,24.5067321863881595334078156156465411186218,17.6546814290296687488535098964348435401917,13.1157744118895038809569086879491806030273,13.1157744118895038809569086879491806030273,15.9298647916388222967043475364334881305695
38.80000,24.4452104740067959198768221540376543998718,17.6439491044502148042738554067909717559814,13.1416101197199211014776665251702070236206,13.1416101197199211014776665251702070236206,15.8059393390171702975521839107386767864227
38.90000,24.3840589415049322496997774578630924224854,17.6339304837760444399918924318626523017883,13.1683477943828641798518219729885458946228,13.1683477943828641798518219729885458946228,15.6812938365152483299880259437486529350281
39.00000,24.3225861132675014175674732541665434837341,17.6236882608140348338565672747790813446045,13.1949891882374945595302051515318453311920,13.1949891882374945595302051515318453311920,15.5562959976065489087204696261323988437653
39.10000,24.2600428879800276149580895435065031051636,17.6120227551028030177349137375131249427795,13.2206526882911354903171741170808672904968,13.2206526882911354903171741170808672904968,15.4307602665005596520586550468578934669495
39.20000,24.1957596565460200110919686267152428627014,17.5979186371605820227159711066633462905884,13.2447274819578151294763301848433911800385,13.2447274819578151294763301848433911800385,15.3042233297909699984984399634413421154022
39.30000,24.1292686195750682998095726361498236656189,17.5808157002392810852597904158756136894226,13.2668501829793452628791783354245126247406,13.2668501829793452628791783354245126247406,15.1763839538556606356678457814268767833710
39.40000,24.0603899663544638087842031382024288177490,17.5606084491329923480407160241156816482544,13.2867910383532272788897898863069713115692,13.2867910383532272788897898863069713115692,15.0474163387810015990453393897041678428650
39.50000,23.9892674084506118958870501955971121788025,17.5374781903544523231630591908469796180725,13.3043875354583445158596077817492187023163,13.3043875354583445158596077817492187023163,14.9179705278883751873308938229456543922424
39.60000,23.9163482253762786911011062329635024070740,17.5117778730954718469092767918482422828674,13.3196187017900538052117553888820111751556,13.3196187017900538052117553888820111751556,14.7888886948916393748731934465467929840088
39.70000,23.8423130258964910410668380791321396827698,17.4841292073878236124073737300932407379150,13.3328008288634087818991247331723570823669,13.3328008288634087818991247331723570823669,14.6608405755574970896759623428806662559509
39.80000,23.7679687023016619207282928982749581336975,17.4556777859949079356738366186618804931641,13.3447765019962840682410387671552598476410,13.3447765019962840682410387671552598476410,14.5340934843040034962768913828767836093903
39.90000,23.6941233422929151686275872634723782539368,17.4282516061883789859621174400672316551208,13.3569369429185442754715040791779756546021,13.3569369429185442754715040791779756546021,14.4085010626442056036466965451836585998535
